40
154.0 112.0
182.0 141.0
126.0 81.0
43.0 156.0
60.0 84.0
56.0 111.0
156.0 68.0
22.0 132.0
38.0 43.0
111.0 56.0
52.0 50.0
120.0 66.0
165.0 48.0
52.0 141.0
97.0 44.0
151.0 86.0
120.0 117.0
124.0 109.0
56.0 123.0
83.0 43.0
81.0 125.0
27.0 59.0
127.0 94.0
30.0 149.0
112.0 132.0
107.0 48.0
104.0 140.0
180.0 44.0
81.0 143.0
78.0 66.0
17.0 103.0
169.0 141.0
46.0 111.0
94.0 143.0
161.0 125.0
59.0 66.0
80.0 86.0
80.0 101.0
20.0 81.0
81.0 115.0
28 37
24 16
15 2
8 27
10 7
5 7
16 4
11 30
0 22
12 0
2 26
2 0
37 2
21 25
6 14
35 5
12 9
4 37
33 19
5 3
39 30
23 38
0 11
37 39
8 10
13 39
13 18
35 10
28 24
33 34
1 15
20 3
36 29
15 5
20 23
16 33
30 32
7 36
27 25
30 8
29 6
18 1
26 35
3 33
3 36
34 17
25 31
26 8
9 31
21 1
18 20
19 9
31 6
17 22
29 19
36 32
25 29
38 35
19 14
24 26
1 28
38 21
39 15
32 27
17 12
4 12
22 11
23 4
