50
99.0 214.0
198.0 58.0
94.0 155.0
122.0 170.0
122.0 221.0
50.0 180.0
34.0 157.0
29.0 140.0
184.0 46.0
42.0 72.0
174.0 151.0
152.0 31.0
116.0 218.0
134.0 28.0
116.0 28.0
105.0 219.0
82.0 37.0
67.0 193.0
182.0 143.0
152.0 167.0
69.0 134.0
99.0 31.0
198.0 187.0
134.0 218.0
136.0 170.0
208.0 72.0
111.0 167.0
91.0 93.0
53.0 187.0
79.0 146.0
221.0 123.0
155.0 93.0
42.0 173.0
82.0 208.0
221.0 140.0
66.0 199.0
152.0 214.0
184.0 199.0
169.0 208.0
169.0 37.0
165.0 161.0
28.0 123.0
216.0 88.0
208.0 173.0
53.0 58.0
66.0 46.0
216.0 157.0
29.0 105.0
219.0 107.0
34.0 88.0
36 8
34 40
46 34
4 15
22 1
36 46
35 28
36 38
45 35
13 17
8 29
23 7
1 25
30 31
15 1
3 6
37 9
3 30
45 37
7 6
45 0
40 24
49 47
1 2
15 26
20 35
46 19
20 11
1 8
18 10
9 7
26 2
4 22
8 39
2 30
30 42
43 49
46 18
36 19
15 48
4 36
45 16
29 24
22 37
1 12
22 15
42 25
4 13
1 21
35 14
22 10
45 23
6 44
39 11
6 47
15 3
6 32
40 29
36 17
7 41
21 16
2 13
12 0
35 32
15 31
45 9
36 20
0 33
22 43
13 14
38 41
15 36
37 38
21 5
9 49
34 20
23 12
19 39
30 28
14 21
30 5
4 45
9 44
22 34
1 18
34 48
35 33
4 3
15 42
36 23
19 27
10 27
19 40
34 43
