30
125.0 137.0
86.0 112.0
53.0 96.0
121.0 86.0
129.0 125.0
84.0 95.0
128.0 76.0
148.0 131.0
69.0 106.0
133.0 98.0
87.0 78.0
95.0 90.0
145.0 148.0
139.0 76.0
98.0 75.0
148.0 62.0
132.0 65.0
142.0 51.0
106.0 89.0
72.0 95.0
48.0 92.0
128.0 53.0
106.0 100.0
125.0 109.0
65.0 80.0
134.0 148.0
123.0 148.0
122.0 98.0
75.0 82.0
144.0 144.0
27 1
5 28
21 6
26 29
8 5
1 7
14 27
15 6
3 23
25 12
1 5
10 24
10 22
10 11
0 23
22 28
4 9
4 29
7 25
7 4
16 9
10 18
17 21
6 3
9 17
17 3
29 23
12 1
10 14
23 9
24 20
19 24
16 28
0 4
19 28
6 16
11 27
7 3
1 26
9 6
29 0
9 27
29 25
19 20
1 25
1 4
4 19
3 21
0 18
26 25
16 15
13 6
5 19
16 13
13 23
28 24
9 15
21 27
20 2
22 5
17 16
2 8
8 1
9 0
3 27
22 1
13 3
7 12
20 11
25 4
26 0
8 20
26 22
0 22
15 17
27 4
23 14
3 14
20 10
22 18
18 23
10 23
19 2
8 11
14 11
2 5
27 6
24 22
1 11
9 13
14 28
