500
8328.0 13339.0
18141.0 18847.0
18555.0 9914.0
25715.0 17269.0
26018.0 19280.0
14803.0 4303.0
26008.0 15649.0
24303.0 22632.0
8388.0 22354.0
8187.0 5458.0
7995.0 2735.0
1641.0 13844.0
14309.0 9780.0
17859.0 20188.0
17455.0 7006.0
22085.0 18372.0
12564.0 9244.0
15640.0 9584.0
24041.0 14927.0
4364.0 18888.0
7733.0 22354.0
26371.0 16598.0
15126.0 20002.0
10537.0 20291.0
3749.0 11152.0
2821.0 9141.0
10970.0 18940.0
9054.0 17537.0
2166.0 10482.0
16880.0 26965.0
4919.0 1755.0
2660.0 13163.0
1127.0 11162.0
8439.0 4118.0
17576.0 15175.0
10496.0 21632.0
13159.0 21343.0
5736.0 11864.0
18494.0 16836.0
24404.0 16320.0
18131.0 25624.0
17455.0 7676.0
22064.0 26160.0
19805.0 16836.0
22992.0 22632.0
5706.0 13205.0
2710.0 17640.0
7531.0 5458.0
7995.0 2013.0
9226.0 19992.0
18787.0 25624.0
17244.0 9976.0
3366.0 18166.0
5837.0 16866.0
27319.0 14164.0
6684.0 2508.0
18111.0 7800.0
22750.0 17702.0
4021.0 18218.0
24868.0 21962.0
25060.0 16320.0
25372.0 18610.0
7713.0 19672.0
6240.0 6799.0
28993.0 16268.0
2942.0 8450.0
6220.0 6129.0
9306.0 1879.0
8570.0 20343.0
13351.0 10585.0
15489.0 6696.0
16981.0 12493.0
2458.0 12493.0
20098.0 24994.0
14329.0 9110.0
17919.0 28305.0
3053.0 20177.0
2176.0 8450.0
2428.0 14504.0
27026.0 16598.0
7128.0 4118.0
17244.0 10647.0
6361.0 13205.0
22791.0 16268.0
25372.0 17939.0
12887.0 5469.0
5706.0 14546.0
24182.0 20621.0
16951.0 9306.0
16548.0 7965.0
4788.0 9182.0
11928.0 1848.0
14984.0 8491.0
6230.0 1673.0
1399.0 9151.0
9962.0 3922.0
16770.0 14762.0
9659.0 18878.0
9962.0 2581.0
12050.0 7779.0
23749.0 16939.0
9659.0 18207.0
3779.0 15216.0
11384.0 10059.0
6432.0 672.0
13593.0 17578.0
5333.0 17888.0
3114.0 12493.0
26875.0 13473.0
18252.0 18176.0
25715.0 16598.0
6099.0 8553.0
26663.0 15928.0
27319.0 15154.0
7834.0 6129.0
16840.0 16516.0
8651.0 3447.0
8257.0 18135.0
2428.0 15175.0
3739.0 13834.0
7602.0 18331.0
4677.0 18218.0
5373.0 3117.0
22095.0 17702.0
16941.0 17857.0
18766.0 7243.0
4042.0 4458.0
17082.0 28976.0
17506.0 11823.0
17455.0 27635.0
17607.0 13834.0
5050.0 13834.0
5060.0 11193.0
24404.0 16990.0
12503.0 21343.0
5141.0 2447.0
17496.0 16516.0
13159.0 20291.0
19422.0 7212.0
22498.0 20384.0
5080.0 12534.0
17122.0 15845.0
24707.0 19280.0
19573.0 13473.0
5444.0 8254.0
18151.0 16072.0
15640.0 8243.0
9306.0 2777.0
16144.0 6686.0
5585.0 6799.0
4132.0 9852.0
6462.0 4118.0
9881.0 20219.0
22347.0 19713.0
9962.0 1910.0
25493.0 20621.0
23446.0 16268.0
17475.0 26294.0
7743.0 17300.0
7027.0 10657.0
4848.0 3787.0
18192.0 26965.0
16144.0 27057.0
11626.0 17991.0
18555.0 9244.0
17264.0 28305.0
9972.0 20961.0
4485.0 2447.0
10617.0 3684.0
10970.0 23354.0
7017.0 13875.0
6361.0 13875.0
18555.0 10585.0
3194.0 20848.0
6886.0 1343.0
24959.0 22632.0
18807.0 16165.0
29286.0 14360.0
18918.0 8120.0
3477.0 10482.0
20098.0 26294.0
8984.0 13339.0
4213.0 16877.0
7531.0 4788.0
26684.0 18506.0
18887.0 15495.0
1772.0 14515.0
9316.0 21560.0
14147.0 4303.0
27319.0 15825.0
8187.0 4788.0
25705.0 19951.0
27339.0 18506.0
18575.0 28347.0
17597.0 17857.0
5988.0 18517.0
7087.0 17661.0
11848.0 20961.0
4142.0 3787.0
15095.0 4974.0
14470.0 19786.0
11626.0 17197.0
17183.0 17186.0
15640.0 8914.0
27995.0 17950.0
4425.0 12534.0
6755.0 8955.0
24908.0 13916.0
15126.0 19332.0
28650.0 18506.0
401.0 10430.0
15317.0 5644.0
15458.0 3880.0
24051.0 19002.0
18918.0 13720.0
9962.0 3251.0
4425.0 11864.0
19442.0 25273.0
11273.0 1910.0
7188.0 20343.0
29649.0 16609.0
5575.0 1776.0
17899.0 10482.0
10315.0 18878.0
22740.0 18372.0
8661.0 21013.0
12937.0 17444.0
6371.0 10657.0
19573.0 14154.0
9962.0 1240.0
23597.0 13782.0
6392.0 11864.0
10315.0 17599.0
3094.0 11152.0
19341.0 27676.0
2004.0 13174.0
18131.0 26294.0
9185.0 22230.0
16800.0 7294.0
9962.0 569.0
19462.0 16165.0
18262.0 14061.0
21419.0 15536.0
7541.0 734.0
6684.0 3179.0
6371.0 9987.0
1147.0 11833.0
28993.0 15598.0
26684.0 17836.0
10617.0 1910.0
10678.0 10306.0
16174.0 28976.0
22438.0 17031.0
7682.0 10523.0
3477.0 9811.0
18524.0 17506.0
6220.0 5458.0
13784.0 4974.0
10970.0 17320.0
18514.0 20188.0
4788.0 9852.0
12281.0 18661.0
24061.0 18331.0
8348.0 18806.0
16084.0 15598.0
9004.0 18207.0
19180.0 17506.0
27682.0 16495.0
25564.0 13494.0
15640.0 7573.0
19563.0 18176.0
12281.0 17991.0
26663.0 15257.0
18232.0 15402.0
11807.0 22013.0
18887.0 14824.0
28338.0 15938.0
21439.0 17702.0
2952.0 18837.0
7340.0 2447.0
24717.0 18610.0
7340.0 3447.0
16820.0 26016.0
14984.0 9564.0
24041.0 15598.0
27974.0 14164.0
7017.0 13205.0
9004.0 18878.0
4264.0 1776.0
5444.0 9120.0
19442.0 26057.0
12039.0 10440.0
22034.0 19043.0
4405.0 10523.0
22074.0 15691.0
3477.0 9120.0
12695.0 9914.0
29306.0 18620.0
23406.0 17702.0
26663.0 14587.0
25362.0 19280.0
19866.0 9306.0
9084.0 16866.0
16164.0 25716.0
8399.0 17465.0
18262.0 8470.0
2821.0 9811.0
23607.0 23303.0
28630.0 14484.0
16588.0 9976.0
16800.0 27635.0
16356.0 11317.0
17899.0 11152.0
11908.0 9347.0
3084.0 13844.0
23396.0 18372.0
16951.0 8635.0
19573.0 7913.0
24717.0 17939.0
18686.0 27676.0
19150.0 16836.0
18797.0 18847.0
25614.0 22632.0
14853.0 10925.0
6946.0 18445.0
5060.0 10523.0
23386.0 15165.0
26008.0 14979.0
17475.0 25593.0
3840.0 15887.0
9881.0 19548.0
2398.0 19507.0
20753.0 25665.0
24334.0 21291.0
8651.0 1436.0
7995.0 3447.0
14470.0 20673.0
5807.0 3849.0
7047.0 11998.0
9094.0 4592.0
10264.0 23354.0
6028.0 3117.0
14591.0 5644.0
10496.0 22684.0
10950.0 24025.0
10083.0 8408.0
18111.0 7129.0
17839.0 17186.0
10537.0 19620.0
27682.0 17166.0
3084.0 14546.0
4021.0 17547.0
17223.0 24283.0
21822.0 16361.0
4405.0 11193.0
8651.0 2777.0
3084.0 15216.0
13492.0 3839.0
11152.0 22684.0
23557.0 21962.0
1591.0 12503.0
13814.0 19775.0
17607.0 8470.0
26220.0 13494.0
5080.0 11864.0
2156.0 18445.0
14440.0 4974.0
10617.0 1157.0
28338.0 17279.0
8651.0 2106.0
24697.0 14896.0
11192.0 20477.0
11626.0 18940.0
3215.0 21518.0
9841.0 22230.0
17536.0 26965.0
10617.0 2673.0
4062.0 3117.0
7047.0 11327.0
23093.0 16939.0
16800.0 6624.0
3366.0 17496.0
20461.0 16836.0
3769.0 12493.0
4395.0 13875.0
20753.0 26335.0
5050.0 14546.0
1782.0 11162.0
25050.0 19951.0
17818.0 19517.0
2438.0 11152.0
16295.0 8914.0
4717.0 3117.0
5151.0 4458.0
17425.0 14504.0
12937.0 18372.0
8005.0 21013.0
7783.0 4118.0
8197.0 353.0
13593.0 16908.0
18131.0 24953.0
18474.0 19517.0
9942.0 9079.0
5554.0 5190.0
23648.0 22632.0
24213.0 21962.0
8530.0 21683.0
5988.0 17846.0
1399.0 10492.0
3053.0 19507.0
21782.0 17031.0
23214.0 21291.0
4929.0 17176.0
9316.0 20889.0
15075.0 3076.0
13129.0 4509.0
10970.0 18269.0
12503.0 20456.0
23739.0 19951.0
16084.0 26387.0
18847.0 27006.0
5716.0 11193.0
22730.0 14958.0
350.0 11297.0
9306.0 1209.0
2166.0 9326.0
15932.0 10255.0
19452.0 18847.0
11253.0 9100.0
24394.0 19951.0
27974.0 15268.0
16608.0 28305.0
7693.0 19002.0
21409.0 25747.0
18232.0 14731.0
26149.0 20621.0
17607.0 9141.0
12463.0 22013.0
5565.0 5861.0
2458.0 11823.0
24838.0 20621.0
17899.0 9811.0
22942.0 14257.0
1510.0 9822.0
6876.0 5190.0
7874.0 21683.0
7703.0 11297.0
12050.0 8450.0
7350.0 21013.0
15499.0 12266.0
1803.0 11833.0
15368.0 11596.0
10738.0 8212.0
2478.0 7779.0
9306.0 3447.0
7178.0 6129.0
1520.0 8481.0
5716.0 9987.0
11394.0 8089.0
8842.0 5262.0
23527.0 20621.0
5736.0 12534.0
24061.0 17661.0
15277.0 10255.0
19210.0 9914.0
4132.0 9141.0
4788.0 8512.0
6099.0 9316.0
25352.0 15113.0
13814.0 20673.0
25524.0 21962.0
24273.0 23303.0
5776.0 879.0
7672.0 13875.0
7914.0 20343.0
25060.0 17269.0
14258.0 2962.0
4395.0 14546.0
18908.0 18176.0
16588.0 10647.0
16406.0 4685.0
5706.0 13875.0
15751.0 4974.0
3709.0 19507.0
18030.0 29017.0
3739.0 14546.0
11152.0 22013.0
16638.0 29646.0
2821.0 10482.0
875.0 12503.0
12695.0 10585.0
22074.0 15020.0
22901.0 21962.0
1349.0 13174.0
24253.0 13844.0
10597.0 9337.0
5807.0 4520.0
14420.0 3633.0
7672.0 12668.0
26028.0 17939.0
411 404
251 487
41 88
133 318
416 101
496 151
90 466
206 159
241 273
283 12
149 438
493 235
399 366
467 206
349 499
391 479
181 53
257 357
155 191
415 257
381 485
468 100
203 92
468 39
379 100
215 339
161 193
402 345
114 98
403 256
165 193
440 61
59 471
189 267
498 338
236 161
71 217
43 321
466 98
29 236
72 216
342 442
211 252
84 213
9 339
486 35
56 305
139 315
122 337
400 40
497 199
4 388
489 246
64 349
173 409
408 360
273 130
163 261
264 96
13 202
11 235
278 331
101 27
264 329
485 235
163 226
74 283
119 235
294 410
182 63
201 114
340 343
121 76
482 211
216 358
381 264
162 310
496 10
493 31
467 111
246 235
383 72
52 489
45 384
309 222
199 482
304 265
310 40
36 200
151 455
411 7
439 233
287 219
172 128
454 151
83 262
441 305
170 27
98 415
3 6
70 355
188 497
222 81
94 408
252 284
278 381
262 280
50 73
90 295
450 493
38 389
30 288
66 63
314 118
106 412
381 52
69 133
74 323
117 97
302 451
210 246
217 128
212 5
145 1
184 297
443 94
345 63
349 267
343 35
151 66
264 115
357 415
53 412
427 270
1 13
461 498
431 162
86 461
275 273
473 481
18 326
301 2
39 57
30 377
100 262
241 143
56 441
225 237
113 79
202 478
462 326
183 244
83 18
58 182
401 321
181 27
273 347
255 176
188 199
401 259
403 149
16 313
241 214
77 456
477 356
132 293
109 255
209 184
386 477
19 351
278 46
174 243
306 246
127 487
100 39
366 252
23 187
39 142
472 48
330 197
189 3
118 356
370 422
14 147
369 48
116 33
302 117
327 18
139 232
418 429
16 296
217 385
458 452
135 55
408 425
496 183
99 345
95 168
397 302
95 454
52 483
329 485
245 457
104 472
431 487
478 427
62 432
330 26
43 478
204 192
307 429
389 1
169 344
351 74
349 184
325 461
372 232
177 113
323 394
411 44
342 415
43 240
341 126
86 485
100 284
217 352
131 384
425 466
272 18
462 213
398 229
291 434
358 169
237 406
378 159
356 329
209 349
336 261
141 194
454 218
441 222
408 28
25 453
319 433
448 445
361 451
38 434
213 123
321 427
316 51
92 74
246 408
136 347
177 363
230 207
243 48
66 444
194 115
438 345
463 92
483 173
293 465
17 203
92 426
435 209
474 330
232 101
255 164
448 68
320 145
112 113
420 234
208 223
76 19
287 27
432 219
165 251
469 26
329 473
24 421
160 135
59 7
391 146
156 422
361 413
306 443
90 378
326 379
173 76
417 469
49 225
150 466
117 304
336 395
447 452
328 162
1 255
6 326
457 289
290 319
128 301
274 36
463 391
166 8
266 382
12 449
134 343
277 63
164 301
438 256
369 10
370 39
219 68
217 375
254 150
163 258
322 7
135 288
282 180
29 50
10 244
405 307
21 156
306 408
303 316
31 78
108 268
318 21
146 17
3 220
347 389
200 361
269 51
285 308
333 59
289 325
375 161
434 103
159 227
457 325
1 478
379 460
6 18
280 79
250 495
136 43
274 437
463 51
9 33
379 294
400 222
348 152
433 332
441 309
75 484
120 263
444 47
62 263
115 124
198 341
471 7
114 397
438 402
24 45
30 167
229 243
373 173
134 361
279 355
179 488
67 147
85 366
38 275
295 488
426 283
396 152
263 406
400 217
253 498
42 433
316 89
471 322
215 33
437 486
418 405
172 71
390 107
263 49
397 9
353 83
403 496
386 215
305 362
438 63
79 285
435 184
22 114
90 144
184 248
379 298
258 271
236 165
367 454
225 20
383 485
354 254
183 80
85 415
428 495
275 434
450 360
101 208
67 116
60 327
473 102
49 128
164 305
346 14
399 178
309 451
381 202
87 139
481 102
79 6
32 246
22 36
430 3
183 103
141 124
280 60
186 107
95 376
439 354
341 281
378 325
98 334
320 109
151 47
172 491
383 235
87 440
37 132
229 239
183 323
366 188
49 97
407 106
77 425
144 467
315 100
53 407
293 488
128 71
160 126
189 349
210 489
488 306
388 87
393 135
208 395
136 34
326 294
90 325
12 412
488 465
327 272
320 255
344 340
110 79
276 349
329 386
263 304
450 28
184 61
415 6
106 58
286 170
183 335
402 149
347 194
201 22
362 88
161 165
202 136
7 404
393 392
133 142
289 488
48 279
4 440
395 399
140 37
50 319
420 319
119 107
333 280
160 198
454 369
4 61
104 147
499 462
271 395
28 425
343 274
424 243
353 298
355 55
472 279
483 237
25 150
483 373
57 15
274 169
45 477
425 25
436 312
270 1
262 298
480 494
71 222
383 205
190 355
85 257
108 308
40 352
111 90
74 426
93 244
205 171
312 352
456 425
394 96
311 51
395 261
284 211
364 421
171 86
362 215
166 486
484 127
22 469
77 443
206 462
74 412
458 99
315 411
47 455
1 109
359 333
385 73
26 287
120 324
364 439
133 112
159 111
3 79
365 76
212 414
491 446
270 478
59 300
495 313
23 413
461 171
481 329
79 112
116 91
54 112
174 98
45 82
420 73
187 413
249 424
60 272
436 2
467 159
20 406
269 316
11 489
224 213
374 8
418 100
252 482
188 257
350 314
102 329
461 140
447 459
390 32
458 345
378 338
87 34
143 323
244 279
290 29
218 98
80 190
291 296
195 106
103 143
390 488
139 44
365 46
93 279
468 284
306 295
289 295
463 479
197 417
83 60
51 121
269 70
163 271
402 250
274 402
41 56
476 497
153 292
256 496
151 444
360 246
226 105
380 148
277 292
53 12
330 166
277 15
131 118
178 14
156 296
363 54
181 182
208 252
492 333
337 281
234 332
103 495
276 499
362 147
363 113
187 406
308 54
242 294
17 12
378 461
98 376
140 383
457 293
229 218
494 342
366 212
355 380
371 413
240 133
452 99
241 130
165 75
127 165
242 379
217 2
179 387
347 141
430 84
363 268
395 469
88 309
118 350
54 108
137 469
323 241
175 7
208 26
147 215
32 489
67 334
423 32
323 463
456 94
428 447
144 111
428 313
431 180
237 374
204 368
310 400
40 303
155 388
199 342
460 298
277 224
416 232
480 482
399 105
172 222
377 167
107 216
372 223
374 225
435 155
6 462
248 499
167 160
29 162
13 478
3 300
470 59
292 15
279 337
321 270
96 351
434 490
49 8
209 191
369 269
135 392
200 97
437 22
366 497
159 232
245 293
364 24
281 355
456 443
375 180
45 233
267 499
442 207
417 166
304 302
43 87
279 393
405 492
57 292
422 16
208 469
55 341
261 271
192 3
422 447
202 43
498 378
141 273
27 0
351 381
97 23
225 8
319 42
195 412
487 162
190 335
344 358
469 284
53 451
84 349
156 133
193 375
284 230
12 74
359 307
150 65
168 459
463 74
220 247
452 428
72 186
468 207
191 204
51 312
360 235
393 341
480 342
174 334
130 323
43 266
182 407
324 263
191 435
25 28
477 481
109 145
448 474
35 166
85 114
84 64
73 217
256 151
424 229
232 34
11 119
234 42
258 261
169 437
411 100
70 380
89 346
314 485
296 422
319 236
402 452
265 302
53 195
154 91
366 482
141 96
403 183
443 295
27 286
161 433
343 200
262 418
279 104
62 265
457 260
420 42
438 403
299 468
283 17
115 136
436 346
336 469
363 112
284 494
482 342
125 178
0 170
412 58
379 462
42 332
50 352
454 459
389 13
269 148
313 447
342 257
28 233
244 496
44 59
129 375
253 378
191 300
431 127
331 76
183 495
323 51
282 129
153 224
181 498
429 280
476 366
55 279
37 231
302 88
230 494
145 176
237 413
103 228
205 140
117 120
116 114
156 370
152 187
454 455
153 277
325 260
471 333
355 147
177 112
489 235
273 38
451 181
360 28
17 92
200 413
324 97
219 448
438 282
387 390
485 205
269 80
475 189
385 234
280 418
379 410
116 397
279 135
356 386
162 419
203 463
137 330
281 183
261 22
292 123
174 229
400 352
288 392
406 413
132 216
269 380
350 356
234 217
442 168
281 55
437 340
289 293
222 352
402 428
404 492
78 45
330 49
171 485
201 366
279 122
330 445
442 299
432 265
217 330
446 27
315 208
229 367
17 391
300 192
60 110
134 371
453 425
147 116
224 172
161 319
350 329
200 274
434 228
226 399
481 82
43 34
410 353
425 90
395 105
474 432
14 380
168 293
31 45
132 231
33 147
221 93
241 228
214 228
197 137
431 310
361 371
341 337
233 25
199 257
140 132
353 491
63 47
209 368
348 187
10 93
216 179
95 328
285 54
287 432
38 145
232 227
300 204
265 263
446 378
367 249
116 98
349 248
136 329
362 339
37 461
498 286
133 39
447 16
113 285
185 176
422 459
313 103
105 271
57 462
72 235
384 78
217 50
364 354
148 238
3 84
272 6
206 466
396 187
382 185
431 282
222 464
50 420
495 149
474 445
367 218
479 311
488 387
34 139
291 103
50 328
415 114
227 34
123 462
326 491
439 254
464 301
424 48
338 286
415 376
216 293
232 446
304 120
399 201
334 154
351 412
420 385
85 188
286 0
470 471
239 398
341 160
97 114
468 442
418 404
371 374
75 375
197 166
139 59
221 244
465 179
181 86
256 66
150 354
417 486
78 131
409 373
157 419
435 4
286 446
475 499
216 387
10 221
189 6
58 351
451 449
222 305
211 480
313 296
196 120
291 313
374 35
491 410
126 198
61 248
362 164
166 49
269 323
266 321
344 437
101 287
62 474
20 237
88 339
451 17
437 469
244 337
33 397
31 314
317 346
181 407
476 5
240 266
238 316
436 362
190 281
81 352
460 100
379 213
362 56
190 70
65 453
147 279
340 486
492 418
83 491
264 121
192 220
91 98
195 407
49 62
87 133
498 86
225 396
491 294
239 424
345 452
134 200
429 359
22 336
94 425
9 215
97 397
65 466
445 68
196 158
251 127
204 220
11 107
29 165
64 220
459 442
116 154
174 472
142 440
220 209
395 252
443 408
272 79
300 280
158 304
39 318
255 266
39 462
280 110
295 77
150 206
355 14
376 168
446 338
69 185
421 354
2 362
32 210
322 175
489 390
335 80
216 140
342 357
451 27
157 328
360 493
298 100
203 391
283 92
270 401
451 391
483 365
29 328
415 442
104 334
448 432
358 274
470 175
315 44
289 90
276 267
231 457
223 416
405 359
271 226
264 345
100 57
138 305
230 468
101 26
225 97
35 340
61 462
424 367
161 332
6 285
454 376
228 273
210 423
14 436
69 156
364 233
492 7
124 194
259 321
419 303
451 265
117 324
69 490
220 368
154 67
354 227
96 323
441 41
40 157
280 3
315 252
97 302
469 197
31 28
495 403
275 457
138 56
297 4
136 264
82 227
50 290
152 97
118 31
453 466
143 214
39 299
446 101
485 350
89 14
55 160
247 3
370 21
38 347
129 431
459 455
223 232
233 31
323 351
240 69
490 296
260 289
333 7
351 182
54 6
200 22
300 87
12 451
82 354
317 436
310 303
311 352
391 309
470 322
203 146
75 129
82 477
2 312
81 311
470 7
351 485
10 454
269 238
153 123
362 138
127 129
21 39
314 493
158 117
396 97
390 11
173 19
392 126
180 310
239 243
14 362
369 249
151 10
123 224
441 88
391 222
345 455
390 216
264 19
349 220
348 97
254 25
99 459
185 240
363 285
61 142
154 98
376 218
19 96
208 232
461 231
391 81
36 437
427 43
245 132
337 359
297 61
125 14
270 259
306 32
238 70
466 467
365 52
429 405
95 459
83 327
331 121
352 51
393 122
407 240
393 50
123 57
428 250
301 222
269 190
93 48
383 216
2 128
201 226
272 110
343 371
434 69
200 23
168 415
469 486
135 30
401 1
68 330
483 19
255 401
442 39
328 40
111 378
238 14
23 348
477 384
293 179
202 389
386 481
25 65
235 314
455 99
476 414
174 104
227 150
231 245
143 228
394 141
228 110
368 191
229 98
126 393
302 339
278 264
365 331
57 213
81 479
202 347
399 252
224 320
71 400
302 9
217 312
247 64
200 114
78 118
82 34
464 128
189 84
159 446
86 182
440 388
8 35
434 145
82 329
295 425
82 421
224 57
455 63
233 254
356 131
474 49
323 80
434 176
89 436
287 265
464 172
414 497
317 125
51 479
442 494
266 401
430 247
298 83
400 180
161 217
117 196
267 475
207 494
163 22
398 243
249 454
176 320
63 256
447 99
328 352
129 484
27 265
358 343
409 76
444 63
176 382
251 162
475 462
394 273
144 466
388 435
178 436
337 393
382 255
156 318
44 7
89 238
108 363
482 212
330 287
15 224
231 325
351 86
381 46
262 60
88 451
308 363
374 343
377 392
87 59
217 180
377 288
39 422
227 206
131 477
405 333
483 409
281 244
147 334
402 495
366 5
449 53
304 196
419 40
406 396
338 253
186 235
264 141
238 380
167 135
208 372
281 335
163 201
155 300
171 140
64 430
326 242
19 121
424 369
240 382
366 114
89 51
181 170
61 499
45 364
213 100
38 1
133 43
475 6
473 82
291 490
410 298
49 324
485 264
82 24
68 287
72 107
418 411
164 2
178 317
333 300
126 377
46 331
285 272
39 61
346 125
223 101
5 414
87 142
494 211
303 162
212 199
31 450
438 160
170 498
436 51
26 137
237 371
483 351
434 185
199 414
483 76
323 103
236 290
268 54
394 130
4 184
139 208
344 343
69 296
396 20
333 429
46 52
306 390
127 75
329 34
278 121
100 252
195 282
228 275
377 160
423 246
106 182
155 87
351 52
332 217
193 75
222 164
93 369
442 422
48 174
41 362
141 115
419 328
61 368
491 18
6 112
186 119
165 162
375 282
194 136
