709
28857.0 9401.0
14676.0 933.0
10522.0 11891.0
37634.0 10062.0
10522.0 9017.0
11428.0 1517.0
8179.0 10354.0
42684.0 15441.0
39321.0 14857.0
10168.0 17208.0
27483.0 22341.0
36687.0 29395.0
18570.0 17269.0
35375.0 41090.0
5233.0 43502.0
12708.0 4499.0
10022.0 18207.0
40071.0 27889.0
35625.0 17485.0
38040.0 32053.0
4035.0 46499.0
2286.0 35511.0
7263.0 43011.0
42799.0 16440.0
6149.0 8141.0
36458.0 26106.0
10699.0 18207.0
29711.0 13013.0
37364.0 30056.0
4795.0 8494.0
21725.0 18145.0
26129.0 28534.0
29482.0 19406.0
22121.0 31515.0
40071.0 31101.0
2463.0 16148.0
7502.0 7357.0
12781.0 5498.0
34636.0 31131.0
13114.0 32914.0
32626.0 28288.0
40071.0 32576.0
26275.0 18929.0
2609.0 11691.0
38311.0 11061.0
18060.0 31562.0
10418.0 34820.0
11927.0 22587.0
19414.0 30993.0
4545.0 48497.0
27628.0 18345.0
35167.0 34051.0
18737.0 31562.0
2484.0 12690.0
3744.0 40506.0
3962.0 11614.0
1547.0 30056.0
37801.0 43087.0
13271.0 34297.0
3421.0 17147.0
6586.0 42503.0
4098.0 45500.0
11376.0 17515.0
3202.0 43072.0
10314.0 20205.0
454.0 34512.0
19486.0 22003.0
41018.0 9032.0
38717.0 32099.0
39134.0 24585.0
28805.0 19559.0
11417.0 9432.0
7940.0 43011.0
45485.0 30732.0
3421.0 19160.0
35646.0 24124.0
26098.0 19928.0
37447.0 7065.0
11032.0 4514.0
22402.0 18145.0
32803.0 11998.0
28940.0 22402.0
44131.0 26582.0
33251.0 31546.0
1391.0 18530.0
34740.0 32130.0
3421.0 45070.0
43454.0 28119.0
37416.0 36095.0
17446.0 2639.0
30159.0 19759.0
21725.0 19144.0
17456.0 21665.0
37332.0 39092.0
3192.0 48067.0
17529.0 32560.0
19768.0 33513.0
36447.0 43087.0
16769.0 2793.0
3275.0 34512.0
42101.0 27120.0
11927.0 23586.0
13364.0 20589.0
7867.0 11814.0
39665.0 9539.0
13687.0 36295.0
2224.0 29057.0
13999.0 1825.0
37551.0 35096.0
18122.0 2670.0
17196.0 20082.0
32460.0 33544.0
33563.0 35542.0
39363.0 39092.0
5899.0 48497.0
27681.0 12690.0
36749.0 21111.0
3442.0 8894.0
10522.0 12890.0
18414.0 33513.0
2067.0 18637.0
19518.0 24139.0
12646.0 2516.0
38009.0 39092.0
18903.0 20435.0
29534.0 10354.0
6826.0 9140.0
3692.0 36863.0
35812.0 40091.0
36426.0 25107.0
36302.0 38093.0
36020.0 46084.0
3869.0 48497.0
11084.0 32806.0
9793.0 19206.0
11240.0 35081.0
30887.0 10016.0
3421.0 18161.0
39394.0 32099.0
18487.0 34512.0
15998.0 20358.0
17664.0 18668.0
16988.0 19083.0
32501.0 34543.0
41424.0 28058.0
37124.0 43087.0
36010.0 30132.0
1849.0 43426.0
2723.0 25829.0
33282.0 30547.0
34240.0 35050.0
40747.0 27812.0
20517.0 34512.0
20601.0 16148.0
37770.0 44086.0
38686.0 39092.0
14364.0 35450.0
14468.0 32945.0
26650.0 23063.0
7502.0 8356.0
22287.0 22080.0
9606.0 34405.0
5316.0 12137.0
33563.0 16563.0
38717.0 31054.0
14364.0 34374.0
20153.0 25138.0
15415.0 4560.0
36364.0 22633.0
27451.0 20343.0
29419.0 11353.0
11136.0 39076.0
18935.0 23002.0
9731.0 33406.0
22402.0 19144.0
2463.0 13689.0
10407.0 32822.0
4556.0 43564.0
7128.0 18238.0
11001.0 29779.0
35781.0 26121.0
2984.0 32053.0
13010.0 36080.0
8856.0 10554.0
11636.0 519.0
39196.0 40091.0
38040.0 31054.0
44808.0 29103.0
12594.0 19590.0
36635.0 18314.0
27483.0 21342.0
38644.0 14857.0
38655.0 8863.0
37093.0 44086.0
13687.0 35296.0
11927.0 4514.0
35687.0 23125.0
10657.0 22203.0
2900.0 30056.0
46838.0 28580.0
2744.0 17162.0
46838.0 27581.0
4119.0 8617.0
11178.0 16148.0
35063.0 44086.0
3400.0 27043.0
3202.0 44071.0
36739.0 36095.0
32501.0 31285.0
48192.0 29733.0
14739.0 2824.0
36489.0 40091.0
11313.0 38078.0
21048.0 19482.0
20840.0 22141.0
33813.0 33544.0
18893.0 35511.0
10522.0 14350.0
32803.0 10999.0
7117.0 3669.0
11355.0 3515.0
12417.0 503.0
13989.0 5559.0
33251.0 34543.0
15717.0 33944.0
37447.0 33098.0
11896.0 11553.0
29482.0 20405.0
4098.0 18161.0
39665.0 11691.0
13042.0 6497.0
1766.0 28058.0
46162.0 29103.0
45485.0 25553.0
41018.0 10170.0
19414.0 31992.0
35875.0 48082.0
23079.0 19144.0
38394.0 23109.0
2255.0 33052.0
13791.0 33098.0
6826.0 8141.0
37405.0 41090.0
36593.0 34097.0
21048.0 18484.0
16092.0 2562.0
4035.0 47498.0
12032.0 3515.0
38280.0 13858.0
6826.0 10139.0
39810.0 24585.0
2775.0 20159.0
11657.0 37079.0
39071.0 21588.0
38988.0 11860.0
35739.0 44086.0
38988.0 9862.0
42778.0 28227.0
1380.0 17531.0
27628.0 19344.0
14739.0 3823.0
19091.0 33513.0
18227.0 19667.0
40341.0 11076.0
38457.0 25583.0
17414.0 33559.0
12594.0 34082.0
47515.0 26736.0
35916.0 34097.0
35375.0 21757.0
34032.0 25537.0
15717.0 34942.0
5993.0 12137.0
10355.0 21204.0
20559.0 23140.0
10980.0 36817.0
29930.0 23401.0
13364.0 21588.0
29700.0 14104.0
2775.0 28042.0
1172.0 26644.0
10595.0 31807.0
30388.0 13105.0
8179.0 9355.0
10407.0 33821.0
40071.0 29364.0
35094.0 43087.0
8710.0 28104.0
20371.0 17485.0
36697.0 6988.0
33386.0 32545.0
28867.0 13351.0
32126.0 12106.0
4077.0 25922.0
42101.0 28365.0
36000.0 47083.0
37603.0 13059.0
3192.0 7695.0
6669.0 11353.0
2744.0 45070.0
11844.0 6512.0
34875.0 16563.0
44808.0 28104.0
8179.0 7511.0
39998.0 14073.0
28264.0 21557.0
22402.0 20143.0
37103.0 24815.0
2994.0 10692.0
3598.0 28918.0
33501.0 37540.0
26650.0 21065.0
30835.0 19867.0
3463.0 38400.0
12084.0 12721.0
8616.0 42104.0
34656.0 29548.0
3879.0 42826.0
10522.0 5513.0
32126.0 11107.0
5909.0 44010.0
35979.0 39092.0
11761.0 32699.0
8117.0 17700.0
1849.0 27059.0
35333.0 29133.0
19924.0 16347.0
2578.0 46069.0
15353.0 565.0
16030.0 1441.0
38311.0 10062.0
3400.0 25722.0
37634.0 9063.0
18258.0 22664.0
38717.0 29057.0
40997.0 6543.0
30887.0 11015.0
36197.0 35096.0
42726.0 13919.0
22121.0 32822.0
36624.0 37094.0
6024.0 7142.0
20767.0 32514.0
4712.0 46499.0
4556.0 42073.0
21194.0 33821.0
17810.0 34558.0
27389.0 10200.0
3254.0 46069.0
36364.0 23816.0
22797.0 31823.0
20413.0 24139.0
37780.0 25583.0
1464.0 16532.0
29117.0 18407.0
26098.0 14165.0
36728.0 41090.0
11188.0 19513.0
7534.0 4668.0
21048.0 17147.0
2390.0 22156.0
39748.0 22495.0
45485.0 28104.0
11969.0 2516.0
12104.0 5513.0
32605.0 30286.0
28066.0 10815.0
36052.0 41090.0
2723.0 38723.0
35625.0 38093.0
36687.0 30394.0
5347.0 7127.0
39081.0 16855.0
16706.0 32007.0
11334.0 21511.0
36770.0 33098.0
2765.0 8694.0
19164.0 34512.0
38290.0 7864.0
37187.0 12060.0
40039.0 39092.0
26806.0 22064.0
37364.0 31131.0
6701.0 6358.0
15415.0 2562.0
40997.0 7542.0
1224.0 19529.0
33886.0 17561.0
20444.0 33513.0
24432.0 19083.0
5295.0 24031.0
36978.0 38093.0
5222.0 48497.0
2744.0 18637.0
5472.0 8740.0
11209.0 20512.0
3994.0 7618.0
29482.0 21403.0
1630.0 32053.0
19695.0 19436.0
11459.0 14657.0
31564.0 10108.0
12729.0 17592.0
4545.0 6128.0
17893.0 17669.0
38571.0 12859.0
31450.0 12014.0
17841.0 35557.0
7263.0 41182.0
8616.0 43103.0
19788.0 3315.0
6440.0 18361.0
2307.0 32053.0
28982.0 17408.0
34198.0 23355.0
10751.0 1517.0
38446.0 44086.0
23079.0 20143.0
4441.0 36940.0
37301.0 42089.0
25452.0 28980.0
37041.0 23109.0
19476.0 25138.0
20090.0 31992.0
32574.0 17193.0
3359.0 47068.0
12011.0 21588.0
3983.0 35404.0
3286.0 11691.0
21444.0 32514.0
38394.0 22110.0
40341.0 12075.0
18341.0 18668.0
4098.0 17147.0
3067.0 40613.0
19018.0 19436.0
14062.0 3500.0
13406.0 18284.0
37780.0 24108.0
31824.0 30809.0
26952.0 19068.0
44131.0 30102.0
7940.0 42012.0
36957.0 10093.0
870.0 29641.0
33959.0 31131.0
12104.0 1517.0
10564.0 35818.0
36062.0 36095.0
13406.0 17024.0
2067.0 44962.0
11678.0 29564.0
28128.0 20343.0
5909.0 41766.0
12334.0 36295.0
28805.0 24400.0
35750.0 25122.0
46162.0 24738.0
40716.0 39092.0
13385.0 3515.0
11376.0 18514.0
3577.0 30040.0
32532.0 29287.0
33303.0 28242.0
2900.0 29041.0
44808.0 30578.0
2775.0 21158.0
36614.0 19651.0
27733.0 16563.0
21610.0 22080.0
38124.0 6865.0
14062.0 4499.0
12729.0 18591.0
44131.0 28119.0
39665.0 10538.0
6586.0 41505.0
47515.0 28580.0
39592.0 15856.0
5316.0 11138.0
37301.0 37094.0
26743.0 11752.0
31824.0 16563.0
35417.0 33052.0
1058.0 36971.0
7742.0 2209.0
38957.0 13858.0
17925.0 20666.0
5451.0 18145.0
36656.0 39092.0
37811.0 19313.0
20371.0 19006.0
3962.0 12613.0
46838.0 23832.0
34917.0 35050.0
2630.0 31054.0
5430.0 26920.0
5909.0 45008.0
38988.0 10861.0
38040.0 28457.0
30377.0 14104.0
37624.0 18314.0
2099.0 20635.0
20538.0 26137.0
6024.0 6143.0
12688.0 21511.0
11272.0 31393.0
36093.0 33052.0
37364.0 28872.0
28357.0 11814.0
11480.0 7511.0
20371.0 20005.0
23755.0 17700.0
5233.0 44501.0
37062.0 5989.0
47515.0 29579.0
35333.0 28135.0
4775.0 18145.0
12427.0 30901.0
37634.0 11061.0
38040.0 5867.0
33980.0 28657.0
4712.0 47498.0
13458.0 826.0
19247.0 17008.0
33386.0 36541.0
20090.0 30517.0
44808.0 25737.0
28888.0 23401.0
45485.0 29103.0
2390.0 41074.0
43454.0 27105.0
35135.0 40091.0
48869.0 27735.0
28305.0 18560.0
2120.0 34512.0
13552.0 7557.0
12052.0 18514.0
4108.0 49496.0
3671.0 10615.0
39810.0 23586.0
25109.0 18699.0
20257.0 21004.0
4618.0 23616.0
32241.0 10000.0
2224.0 30056.0
4670.0 7326.0
38519.0 40091.0
10616.0 3070.0
39394.0 31101.0
39644.0 8541.0
39748.0 21496.0
4077.0 27919.0
9387.0 27597.0
38457.0 24262.0
28066.0 9755.0
1130.0 34927.0
20163.0 22141.0
37613.0 8064.0
36874.0 35096.0
5389.0 47498.0
38800.0 6266.0
48192.0 28580.0
30159.0 20758.0
4639.0 11614.0
12781.0 1502.0
1734.0 37202.0
20830.0 25138.0
7502.0 10139.0
37718.0 22817.0
10886.0 10892.0
17498.0 30563.0
11428.0 5513.0
46162.0 27581.0
11917.0 34804.0
34490.0 33544.0
40102.0 13074.0
15030.0 19821.0
15353.0 1564.0
23787.0 28135.0
48869.0 28734.0
4421.0 40183.0
39644.0 7265.0
10303.0 36817.0
953.0 27643.0
49545.0 26798.0
21090.0 24139.0
5993.0 11138.0
11292.0 2516.0
34396.0 36049.0
18810.0 21434.0
2952.0 23616.0
4348.0 10615.0
41424.0 31731.0
36614.0 8356.0
28305.0 17561.0
36010.0 29133.0
3161.0 12690.0
2744.0 9693.0
13323.0 2501.0
32709.0 32545.0
4119.0 9616.0
35948.0 42089.0
12438.0 33083.0
2047.0 26060.0
39394.0 28396.0
4754.0 26751.0
19611.0 23140.0
19695.0 18007.0
14041.0 20589.0
30773.0 12014.0
36624.0 42089.0
4785.0 49496.0
19112.0 2716.0
30231.0 15103.0
11084.0 33805.0
16706.0 1564.0
3723.0 16148.0
28805.0 20558.0
45485.0 26582.0
40341.0 9078.0
28743.0 10462.0
1901.0 19636.0
37842.0 40091.0
11917.0 19590.0
34063.0 32130.0
35271.0 42089.0
35333.0 30132.0
12292.0 24585.0
19580.0 21004.0
43454.0 29118.0
29617.0 22402.0
34656.0 28549.0
36416.0 44086.0
9533.0 9831.0
17383.0 31562.0
2526.0 43963.0
8804.0 18407.0
6149.0 9493.0
1276.0 31054.0
13802.0 6558.0
21725.0 16701.0
23079.0 18084.0
41101.0 22740.0
40487.0 23739.0
20767.0 31515.0
30211.0 9017.0
26775.0 20066.0
3629.0 24185.0
527.0 28642.0
33136.0 33544.0
21725.0 20143.0
23755.0 19144.0
38332.0 38093.0
12594.0 35081.0
37166.0 40091.0
20934.0 21142.0
16092.0 4560.0
40425.0 22587.0
40747.0 31577.0
41695.0 10077.0
12438.0 31900.0
7065.0 1671.0
2130.0 42427.0
19018.0 18437.0
24432.0 20082.0
35302.0 39092.0
17050.0 34558.0
2723.0 26828.0
6107.0 27090.0
1547.0 29057.0
5233.0 41981.0
15415.0 3561.0
35771.0 43087.0
37655.0 38093.0
30159.0 18683.0
38915.0 15856.0
14228.0 7557.0
19840.0 34512.0
19830.0 26137.0
2067.0 17638.0
23755.0 21081.0
21444.0 31515.0
39134.0 23586.0
18737.0 24001.0
11199.0 11891.0
1370.0 25645.0
34344.0 37048.0
29034.0 12352.0
2796.0 14688.0
35948.0 37094.0
30096.0 12014.0
40321.0 7265.0
42684.0 12813.0
36072.0 21480.0
42778.0 27105.0
7940.0 41013.0
18466.0 29564.0
46838.0 29579.0
30211.0 10047.0
18133.0 21665.0
1953.0 31054.0
36281.0 45085.0
4639.0 13136.0
2276.0 10692.0
29534.0 9355.0
24463.0 28242.0
34854.0 45085.0
38967.0 7864.0
15041.0 34405.0
270 639
270 487
270 431
184 221
483 475
655 288
105 171
1 107
384 564
668 355
658 654
602 322
270 220
400 217
270 279
673 257
654 622
270 0
348 512
138 561
291 609
601 370
178 411
270 400
270 263
31 420
588 649
245 210
320 52
693 437
270 322
525 604
81 630
270 339
270 60
355 605
689 530
81 190
636 323
198 451
6 249
475 695
56 648
523 359
628 435
697 530
626 223
451 551
618 268
52 423
146 204
49 177
145 13
270 139
605 309
569 226
84 200
171 135
270 276
270 34
515 493
256 557
433 195
36 503
255 506
22 320
69 264
535 471
268 157
270 338
486 699
642 168
230 15
215 506
268 517
641 650
83 599
489 500
122 184
572 438
270 691
620 436
270 182
196 430
330 379
322 284
270 83
270 18
661 567
152 377
267 476
28 382
350 429
660 133
270 122
19 369
342 96
433 35
261 52
250 238
494 179
414 660
433 200
615 167
205 414
600 637
270 631
402 536
270 36
270 17
394 567
505 281
419 479
296 379
276 455
403 396
343 72
270 575
270 2
599 462
236 506
103 3
270 89
315 61
559 521
195 347
540 37
482 706
543 336
345 33
153 37
414 567
364 78
270 312
270 595
83 22
270 126
271 156
427 99
107 210
327 343
270 367
662 344
311 381
407 95
270 551
492 561
682 539
113 93
206 14
153 30
284 582
379 3
59 516
270 578
22 60
343 599
270 548
248 405
58 653
135 133
29 241
52 604
257 151
174 306
547 433
439 208
55 308
614 240
691 560
158 66
110 460
590 600
270 562
185 154
480 355
270 303
560 557
270 456
624 625
270 581
685 603
270 441
210 1
270 515
472 110
314 568
533 259
604 369
357 460
285 236
270 164
47 395
578 705
440 190
205 668
270 47
414 668
270 285
270 433
270 611
452 305
438 238
270 19
371 249
51 632
606 124
455 81
270 535
456 361
579 199
452 381
270 325
219 241
206 344
270 75
567 449
614 135
669 583
306 214
270 211
355 115
242 113
280 231
270 406
291 517
38 286
681 696
207 517
281 451
249 600
270 531
291 540
234 256
76 42
282 291
100 572
623 158
284 614
496 409
104 3
470 289
296 3
239 638
466 386
270 76
41 154
480 115
409 158
190 437
227 81
326 153
487 433
658 41
563 637
270 364
343 475
505 660
460 141
91 607
170 690
95 423
336 27
270 8
540 174
612 355
95 52
701 601
375 100
168 657
490 288
448 652
486 124
268 414
528 100
270 243
387 163
298 6
448 225
270 425
530 168
506 38
677 119
315 442
243 209
674 227
77 593
628 490
147 317
359 30
298 12
518 379
151 673
51 11
289 103
520 143
310 649
426 188
264 642
527 276
270 304
176 173
270 469
487 59
128 145
22 52
112 686
452 10
99 55
370 686
270 100
94 450
270 462
270 146
270 284
462 439
68 514
366 347
270 80
272 6
270 360
609 170
471 195
416 632
270 81
279 106
352 657
586 355
270 698
468 50
517 355
270 165
224 39
523 30
538 376
453 22
473 476
270 152
41 476
125 27
472 66
106 583
293 324
270 694
305 81
557 103
605 279
270 56
45 235
640 79
687 366
614 602
12 591
19 625
638 544
238 568
270 501
26 357
162 6
394 29
270 63
6 203
291 115
270 130
435 399
257 601
270 277
375 438
44 296
270 398
138 352
472 623
233 526
551 205
270 48
652 654
591 433
270 461
696 525
486 435
452 70
296 405
566 606
557 330
270 418
554 480
410 612
574 482
628 510
537 348
503 341
95 235
190 311
37 690
428 597
325 290
394 126
270 162
78 616
30 326
417 244
270 28
625 604
689 100
449 437
85 599
409 381
617 169
597 29
205 279
3 518
438 693
341 371
270 187
634 95
358 219
44 248
72 442
595 574
616 318
598 37
188 437
90 32
568 528
270 293
529 453
249 272
672 706
363 247
423 96
128 625
453 343
130 654
355 309
37 79
16 9
210 436
160 274
270 381
158 214
654 506
81 527
264 168
169 190
270 660
115 366
270 565
270 166
149 111
244 306
38 215
671 107
85 507
83 482
687 125
270 695
188 62
270 486
330 3
609 27
670 22
707 103
262 142
633 183
478 491
270 225
509 364
270 538
694 199
494 279
642 694
270 266
653 240
270 265
270 537
639 671
270 176
568 116
488 546
270 271
437 269
115 517
276 375
396 637
584 41
270 93
62 402
405 3
270 466
551 414
646 440
61 317
392 246
155 689
20 670
270 31
270 427
397 305
270 502
608 504
179 355
567 162
342 235
531 419
279 668
270 553
562 397
393 74
412 494
15 78
398 444
598 364
39 505
202 586
599 215
42 311
507 38
532 572
270 262
593 379
162 478
679 228
158 190
448 473
228 487
446 522
200 35
291 170
85 632
449 62
539 530
2 569
270 101
174 288
37 210
270 58
344 22
334 13
156 157
270 151
486 110
530 199
442 695
270 27
52 634
382 604
19 13
318 364
201 530
133 266
580 434
54 529
270 473
495 148
461 700
270 687
442 512
299 147
409 320
694 264
45 409
602 517
103 298
423 634
241 341
110 699
270 183
312 674
79 174
108 579
326 509
643 352
522 210
533 70
270 488
688 53
49 20
517 179
370 154
306 541
83 52
117 202
302 267
675 248
527 630
218 401
154 193
315 208
545 297
216 407
270 273
451 660
286 706
270 408
270 278
270 633
182 46
198 544
23 7
394 249
237 306
374 64
270 168
83 343
494 544
173 133
508 115
227 70
248 518
59 679
191 44
4 153
258 35
141 486
441 457
270 678
625 13
527 693
270 129
371 394
668 586
59 318
604 13
294 19
273 134
435 460
703 308
270 545
34 584
270 370
347 433
268 240
232 352
673 93
586 414
126 241
270 467
477 234
270 621
231 603
370 257
650 30
103 12
356 97
514 673
32 70
318 78
669 279
269 567
463 624
516 318
549 256
533 617
605 668
697 448
506 19
510 399
270 558
228 433
616 509
649 215
41 138
70 50
60 344
89 615
479 41
33 644
476 526
344 453
375 369
179 281
530 568
446 598
172 435
203 26
353 59
270 354
17 242
51 85
460 203
411 670
399 628
270 194
270 511
274 214
137 353
432 141
526 225
22 20
667 280
270 387
211 416
48 570
155 652
303 383
270 459
119 342
78 509
270 689
351 541
189 347
635 177
320 49
270 155
270 422
270 114
179 198
583 231
33 342
131 193
249 203
209 697
256 330
305 455
346 235
362 138
270 628
270 517
270 103
359 288
657 264
10 696
270 520
460 26
247 446
270 677
367 19
256 707
696 45
525 644
599 72
177 20
572 238
247 571
421 550
431 67
270 455
102 536
380 13
375 604
106 669
673 113
306 540
318 547
364 446
214 40
550 657
244 490
600 563
141 110
301 359
61 206
270 596
270 159
623 536
270 424
534 10
168 568
161 582
702 162
589 399
130 689
547 571
128 57
240 517
343 22
528 530
270 389
501 84
270 379
557 593
270 428
648 583
587 415
59 616
487 288
57 13
40 151
404 523
270 372
33 525
270 287
244 510
673 207
151 207
270 158
372 485
383 371
401 125
309 179
616 326
214 541
270 334
270 384
270 388
436 690
526 199
222 577
436 522
203 62
193 370
134 62
289 183
298 478
362 561
270 437
362 414
409 14
449 203
518 593
207 268
270 98
446 436
121 333
113 257
270 413
270 91
61 14
513 289
270 559
168 116
320 177
270 448
270 249
6 593
512 408
678 683
113 479
292 609
25 492
59 228
369 294
317 453
328 1
85 38
507 632
8 474
270 23
455 696
313 368
469 655
249 341
435 12
67 405
322 614
339 345
291 37
394 396
270 629
594 259
179 451
644 342
308 162
478 6
270 254
642 539
183 103
324 198
270 299
177 22
352 362
270 196
625 369
259 452
140 576
270 410
395 623
276 630
457 642
270 320
447 322
238 269
208 649
135 266
157 660
373 320
563 272
684 314
523 326
80 543
435 103
270 555
118 684
164 610
482 11
510 124
291 151
270 54
475 61
136 690
676 260
162 55
454 447
232 199
279 464
666 373
504 472
433 480
270 272
198 551
231 205
371 241
256 104
111 208
581 470
266 240
66 541
334 128
333 699
654 448
375 689
619 192
276 604
270 358
126 371
512 315
435 141
623 460
143 439
695 72
247 547
270 96
700 205
687 609
247 436
434 14
651 174
270 646
304 229
284 161
415 547
309 464
145 334
418 127
567 249
270 498
675 44
215 588
270 664
497 518
352 476
694 539
391 185
452 696
37 509
93 207
516 35
188 449
270 87
652 530
308 702
364 247
472 158
162 394
279 544
352 264
232 526
656 329
568 100
359 153
270 251
270 676
436 347
577 598
706 51
658 473
663 404
549 707
270 108
563 394
572 375
72 462
270 313
270 186
240 157
464 605
644 423
270 641
270 16
288 79
270 6
408 442
270 45
658 476
681 33
263 497
659 104
378 519
338 692
598 167
270 663
183 6
270 169
558 233
547 195
502 351
575 659
573 602
283 24
150 51
360 393
377 423
582 447
617 227
51 83
270 390
423 525
208 409
437 536
686 255
270 525
40 158
259 617
270 257
565 483
256 3
270 180
645 170
399 486
705 652
270 20
65 92
53 491
128 367
627 426
57 625
154 654
275 614
332 77
586 480
409 151
379 443
253 116
241 249
270 105
423 235
295 286
628 244
256 254
213 432
87 465
215 462
232 264
702 55
116 314
690 125
603 198
270 38
270 138
41 654
451 414
681 525
373 52
707 557
536 357
195 436
97 85
96 644
9 203
158 311
462 315
135 447
165 573
368 161
19 38
544 179
702 591
556 510
582 614
493 588
669 231
270 252
458 145
675 191
476 138
512 61
479 138
270 302
622 294
622 689
519 513
315 409
27 687
331 685
686 588
609 336
270 499
475 72
598 221
38 599
1 598
270 319
381 169
270 128
460 472
61 408
603 669
270 449
109 245
270 144
123 458
270 617
270 350
3 707
55 491
221 446
268 561
482 51
546 654
37 364
181 412
270 349
524 38
585 556
525 455
116 657
193 686
297 591
272 600
320 20
278 508
552 568
683 66
623 437
270 109
679 74
83 604
74 200
270 160
66 214
289 557
455 604
429 681
474 191
680 651
270 528
704 366
124 699
225 473
187 250
482 19
270 627
620 347
270 137
307 682
270 21
270 680
272 162
697 225
406 136
270 121
194 454
555 65
399 124
516 200
409 370
689 294
270 340
44 518
26 536
402 437
354 594
270 509
654 294
422 172
190 617
125 620
270 239
689 369
669 544
270 566
620 366
506 588
402 203
20 206
364 300
270 647
601 154
318 300
396 249
151 370
270 392
103 633
270 332
270 442
288 59
270 307
533 50
221 107
596 43
601 479
270 708
66 92
212 582
270 216
223 215
455 630
386 679
342 681
270 634
270 222
35 547
260 37
366 480
50 452
203 435
647 590
408 475
100 238
7 438
192 3
291 687
270 224
270 587
540 214
270 283
238 693
476 232
270 477
323 318
511 640
82 207
0 554
485 330
362 268
235 696
74 433
611 132
698 704
439 315
349 82
479 268
436 37
298 593
459 363
420 524
190 527
270 94
24 478
498 310
270 385
500 452
438 276
379 44
631 365
314 168
690 336
155 654
188 402
107 522
167 210
268 93
665 701
55 478
270 665
270 637
567 241
601 41
104 254
270 321
637 394
139 346
75 253
690 609
522 221
322 517
702 12
179 505
155 130
553 618
227 305
305 10
88 73
491 702
317 206
513 633
255 588
95 373
270 608
269 693
365 40
193 255
20 60
444 669
567 29
270 86
270 369
270 90
464 494
228 74
484 661
183 203
664 417
13 128
5 446
270 443
127 616
125 336
593 330
270 298
270 175
270 178
270 391
270 540
60 206
270 644
462 208
692 549
270 585
153 79
490 174
191 248
18 301
413 468
586 567
300 571
225 476
254 707
231 551
660 281
388 261
610 622
309 494
453 61
270 516
133 322
13 367
286 482
115 687
335 707
142 110
106 205
270 11
465 362
3 298
70 617
129 643
373 409
270 489
516 679
270 149
70 305
518 405
114 496
696 342
270 375
270 309
46 281
286 507
366 125
270 331
269 362
425 327
157 266
625 367
548 201
14 20
193 654
690 291
50 259
268 113
524 506
277 102
29 126
203 103
542 326
270 68
294 506
390 542
530 694
86 635
270 22
690 620
541 124
92 699
305 696
270 296
318 571
270 421
226 116
73 658
475 442
438 527
207 291
286 19
225 199
453 475
270 123
45 95
315 72
37 167
13 482
265 666
652 697
240 135
43 702
689 528
251 120
381 259
319 645
195 247
389 237
270 337
326 359
291 40
270 179
124 66
321 295
270 357
270 445
270 181
270 451
64 26
517 505
244 174
447 284
246 61
21 534
290 599
270 316
430 269
270 668
270 495
409 61
177 670
163 533
63 662
270 300
132 49
270 463
270 626
450 206
467 189
252 275
357 623
326 288
106 231
593 183
381 696
443 593
226 314
270 571
405 191
175 703
270 656
424 481
199 264
40 540
133 447
381 158
337 592
186 672
370 649
270 484
287 552
144 131
480 591
229 675
113 601
317 344
376 394
270 527
373 45
447 161
270 213
135 582
96 235
203 536
14 320
481 402
270 619
98 328
81 617
270 218
83 11
92 110
490 12
551 603
621 258
116 352
322 505
270 620
521 72
35 318
270 294
269 414
59 326
148 605
255 654
270 563
593 289
12 288
83 85
525 52
541 510
570 696
226 568
370 208
269 568
270 248
329 522
654 473
632 706
622 130
286 632
362 568
567 203
472 92
190 623
298 518
270 118
133 505
607 490
270 356
270 106
166 589
180 69
592 57
168 539
247 300
591 487
361 693
270 636
598 107
159 403
270 688
167 1
270 117
217 12
340 380
443 330
524 215
564 436
270 580
270 88
652 689
259 169
270 230
71 4
254 549
79 540
586 702
561 479
708 212
12 487
604 482
66 699
516 74
270 667
385 335
316 112
266 660
613 292
120 228
220 5
490 435
499 282
591 586
270 25
445 150
697 199
270 414
513 103
602 240
298 702
633 289
600 396
270 44
629 532
298 491
157 414
588 370
204 255
352 568
306 510
669 198
270 613
270 507
270 315
576 464
366 433
270 374
162 586
311 169
270 232
269 449
437 527
270 140
270 71
79 359
696 409
649 462
145 367
270 630
158 151
197 460
296 191
270 378
563 162
3 254
326 37
101 197
