102
5000.0 5000.0
5000.0 5000.0
5000.0 5000.0
5000.0 5000.0
5000.0 5000.0
5000.0 5000.0
5000.0 5000.0
5000.0 5000.0
5000.0 5000.0
5000.0 5000.0
5000.0 5000.0
5000.0 5000.0
5000.0 5000.0
5000.0 5000.0
5000.0 5000.0
5000.0 5000.0
5000.0 5000.0
5000.0 5000.0
5000.0 5000.0
5000.0 5000.0
5000.0 5000.0
5000.0 5000.0
5000.0 5000.0
5000.0 5000.0
5000.0 5000.0
5000.0 5000.0
5000.0 5000.0
5000.0 5000.0
5000.0 5000.0
5000.0 5000.0
5000.0 5000.0
5000.0 5000.0
5000.0 5000.0
5000.0 5000.0
5000.0 5000.0
5000.0 5000.0
5000.0 5000.0
5000.0 5000.0
5000.0 5000.0
5000.0 5000.0
5000.0 5000.0
5000.0 5000.0
5000.0 5000.0
5000.0 5000.0
5000.0 5000.0
5000.0 5000.0
5000.0 5000.0
5000.0 5000.0
5000.0 5000.0
5000.0 5000.0
5000.0 5000.0
5000.0 5000.0
5000.0 5000.0
5000.0 5000.0
5000.0 5000.0
5000.0 5000.0
5000.0 5000.0
5000.0 5000.0
5000.0 5000.0
5000.0 5000.0
5000.0 5000.0
5000.0 5000.0
5000.0 5000.0
5000.0 5000.0
5000.0 5000.0
5000.0 5000.0
5000.0 5000.0
5000.0 5000.0
5000.0 5000.0
5000.0 5000.0
5000.0 5000.0
5000.0 5000.0
5000.0 5000.0
5000.0 5000.0
5000.0 5000.0
5000.0 5000.0
5000.0 5000.0
5000.0 5000.0
5000.0 5000.0
5000.0 5000.0
5000.0 5000.0
5000.0 5000.0
5000.0 5000.0
5000.0 5000.0
5000.0 5000.0
5000.0 5000.0
5000.0 5000.0
5000.0 5000.0
5000.0 5000.0
5000.0 5000.0
5000.0 5000.0
5000.0 5000.0
5000.0 5000.0
5000.0 5000.0
5000.0 5000.0
5000.0 5000.0
5000.0 5000.0
5000.0 5000.0
5000.0 5000.0
5000.0 5000.0
5000.0 5000.0
5000.0 5000.0
4 38
77 8
8 60
25 60
75 65
62 61
87 89
3 30
62 77
98 71
95 6
71 43
84 14
98 73
98 83
62 60
21 47
62 45
62 57
92 42
98 65
62 40
86 52
62 21
98 46
98 45
11 24
98 88
98 60
98 0
12 46
98 22
98 94
98 84
37 57
98 93
72 3
13 5
64 18
88 11
83 41
96 81
18 66
1 5
62 28
98 2
62 64
98 53
21 91
62 42
98 28
62 89
98 100
62 31
76 2
98 101
42 69
36 20
62 37
62 22
59 48
62 41
98 47
98 86
98 21
43 79
60 6
66 100
98 58
7 17
84 100
62 24
98 11
62 96
38 90
34 53
98 90
27 41
62 94
62 97
66 84
36 0
100 14
98 97
70 87
98 27
98 77
62 52
98 3
98 64
62 47
98 52
50 90
2 47
98 15
93 92
93 42
62 12
78 22
14 9
81 68
62 15
26 37
98 41
98 39
98 81
62 90
62 95
31 59
55 61
98 95
6 81
62 99
62 68
80 49
98 69
98 32
62 14
41 34
12 54
0 58
98 61
98 17
98 80
62 51
97 85
62 85
62 50
47 91
11 35
98 50
62 19
62 56
46 54
60 95
62 76
98 48
30 32
62 27
98 20
98 99
43 75
98 76
38 55
62 32
78 51
69 1
54 77
62 25
30 64
98 79
4 50
62 3
98 35
62 4
29 33
98 91
98 75
5 74
28 36
6 96
75 76
98 67
33 15
15 37
69 13
62 35
2 21
79 76
98 82
98 24
45 7
99 45
98 12
62 88
64 94
62 0
98 49
98 74
23 71
52 22
98 16
23 63
62 26
32 64
62 36
18 84
68 80
62 48
17 39
62 7
57 99
98 31
85 44
22 51
98 25
98 92
63 43
62 49
98 56
83 34
98 9
62 30
98 54
98 87
24 3
9 28
40 16
25 95
62 6
62 33
29 74
62 17
98 34
65 21
98 4
94 18
98 14
98 40
51 97
71 63
63 79
35 24
62 83
98 42
92 69
62 93
1 29
98 89
48 71
14 28
101 49
98 13
62 75
20 0
44 27
39 4
90 61
62 81
98 51
98 44
62 43
10 67
98 1
16 86
98 37
62 10
62 44
98 33
62 20
62 54
13 1
62 59
39 50
62 11
34 10
96 68
40 89
0 82
98 70
56 17
77 25
62 55
62 80
58 59
44 83
98 78
65 2
62 18
98 38
8 25
26 15
95 96
62 91
17 4
68 101
62 53
62 71
73 45
73 99
33 26
98 6
80 101
35 72
62 87
62 78
98 5
9 36
98 30
19 97
98 23
70 40
49 87
100 9
62 79
62 86
98 10
5 29
99 56
19 85
49 70
98 29
86 78
37 73
62 69
50 38
91 93
62 67
98 36
62 101
16 52
62 29
98 85
62 100
10 88
15 57
72 30
67 11
62 34
98 57
98 26
62 39
98 68
81 80
59 23
98 19
24 72
62 13
98 43
89 86
56 7
98 59
28 20
76 65
45 56
27 83
67 88
20 82
58 31
62 72
62 92
62 16
62 63
62 23
101 70
97 44
74 33
62 84
94 66
98 7
62 58
62 1
31 48
62 2
62 82
62 65
57 73
62 5
79 75
91 92
82 31
62 9
98 96
47 93
55 12
62 74
51 19
90 55
98 66
3 32
53 67
62 66
98 8
22 19
62 38
87 40
98 18
82 58
62 73
98 72
85 27
89 16
61 12
48 23
52 78
98 63
53 10
7 39
61 46
62 70
54 8
46 77
98 55
88 35
62 46
74 26
41 53
62 8
42 13
32 94
