1800
93478.0 68140.0
91181.0 6473.0
27441.0 79759.0
25880.0 8836.0
49029.0 77117.0
19434.0 95971.0
15843.0 76641.0
24943.0 23933.0
43878.0 72801.0
12186.0 96136.0
48494.0 38833.0
31254.0 68977.0
63370.0 74081.0
46331.0 36995.0
90356.0 72407.0
9643.0 52141.0
28444.0 25459.0
39818.0 31826.0
35269.0 17549.0
67429.0 69273.0
61273.0 46709.0
29002.0 10263.0
27441.0 11330.0
70172.0 17615.0
29716.0 40605.0
97827.0 67074.0
12944.0 77084.0
3555.0 44789.0
56121.0 72571.0
84780.0 70586.0
51483.0 70257.0
29336.0 61511.0
20705.0 91705.0
56077.0 29774.0
53222.0 64038.0
4960.0 49401.0
44903.0 31662.0
23538.0 61954.0
7948.0 49909.0
14349.0 51074.0
2217.0 26788.0
5807.0 42968.0
22913.0 59821.0
82483.0 4815.0
39640.0 18698.0
29069.0 5636.0
46777.0 53322.0
66224.0 29643.0
24541.0 85092.0
23092.0 1730.0
69971.0 53585.0
54382.0 15039.0
9420.0 80874.0
13123.0 26066.0
90958.0 11806.0
18854.0 10280.0
50568.0 79332.0
47134.0 57047.0
61920.0 72473.0
55832.0 11839.0
92028.0 68140.0
73785.0 3437.0
67429.0 68206.0
30340.0 82269.0
76171.0 15482.0
34064.0 46512.0
12297.0 50008.0
64819.0 66073.0
20059.0 29479.0
50814.0 84665.0
15843.0 80300.0
16133.0 32531.0
52999.0 46545.0
65979.0 68206.0
3666.0 27100.0
86230.0 66516.0
23538.0 60887.0
25367.0 83172.0
89731.0 7539.0
95641.0 8639.0
23092.0 12036.0
58374.0 50812.0
42785.0 11954.0
34800.0 15334.0
18921.0 6735.0
69547.0 9623.0
13992.0 52141.0
36964.0 47579.0
93478.0 69207.0
21018.0 42312.0
20705.0 92772.0
77309.0 71718.0
83709.0 11215.0
18431.0 64481.0
47178.0 70717.0
52665.0 16450.0
58731.0 14940.0
36585.0 62873.0
14684.0 33532.0
59824.0 54012.0
51126.0 52945.0
56924.0 55078.0
94080.0 6161.0
17940.0 17369.0
11495.0 84403.0
36049.0 13201.0
55029.0 81006.0
49185.0 67517.0
41090.0 18698.0
45684.0 69650.0
22044.0 21406.0
54382.0 71504.0
57281.0 15383.0
61273.0 55078.0
56278.0 76739.0
10892.0 99335.0
16022.0 6702.0
68878.0 67681.0
58374.0 54012.0
47379.0 33795.0
17159.0 31465.0
34064.0 45446.0
25367.0 43624.0
35269.0 18616.0
27329.0 8836.0
9086.0 55341.0
21107.0 69699.0
48873.0 65991.0
77197.0 65416.0
50479.0 77117.0
39796.0 33959.0
16669.0 42705.0
22623.0 72899.0
45394.0 84583.0
50323.0 65302.0
48739.0 85650.0
15843.0 84403.0
22467.0 46578.0
12944.0 86536.0
15799.0 38291.0
47290.0 85650.0
48650.0 62381.0
23605.0 92772.0
73562.0 13348.0
19568.0 45741.0
29805.0 68977.0
11048.0 24277.0
18921.0 5669.0
76082.0 68633.0
82483.0 5882.0
60404.0 57212.0
1213.0 28921.0
22467.0 38472.0
79584.0 4996.0
7346.0 82581.0
87679.0 67386.0
75235.0 6276.0
5071.0 45134.0
55475.0 48679.0
53802.0 84206.0
15732.0 8836.0
45684.0 57047.0
88058.0 12856.0
79361.0 13348.0
15353.0 85469.0
53579.0 34747.0
51126.0 54012.0
73227.0 71160.0
12565.0 53208.0
20594.0 22357.0
4358.0 43001.0
13234.0 33532.0
14907.0 91869.0
87679.0 69470.0
18921.0 26640.0
47736.0 67517.0
22088.0 60887.0
69971.0 52010.0
24519.0 65777.0
49230.0 36699.0
46955.0 54914.0
29716.0 44691.0
55832.0 69191.0
56924.0 52945.0
23917.0 44691.0
40064.0 38226.0
71822.0 8557.0
72871.0 51452.0
92630.0 4339.0
41335.0 10723.0
58731.0 68305.0
61273.0 49745.0
55832.0 71504.0
22556.0 69699.0
92742.0 9016.0
14282.0 8836.0
67719.0 66614.0
72112.0 12676.0
53178.0 30300.0
55252.0 82072.0
50011.0 51714.0
12833.0 11445.0
7837.0 34599.0
13636.0 96136.0
6677.0 23211.0
18096.0 50024.0
29716.0 48957.0
10959.0 76723.0
15197.0 49778.0
57727.0 76739.0
35536.0 12134.0
31790.0 79759.0
82594.0 10148.0
81881.0 68518.0
7971.0 46480.0
14215.0 98269.0
48583.0 10542.0
42004.0 30693.0
45372.0 60247.0
52932.0 13184.0
88281.0 4323.0
5874.0 26493.0
28890.0 77625.0
26972.0 73244.0
47379.0 32433.0
3800.0 24655.0
13346.0 20651.0
62723.0 49745.0
10848.0 50008.0
70038.0 6423.0
12164.0 54274.0
80007.0 72784.0
80431.0 75919.0
54627.0 59345.0
51728.0 32613.0
59824.0 49745.0
46777.0 48974.0
23092.0 81531.0
52352.0 84206.0
93478.0 66877.0
47379.0 59181.0
8684.0 96136.0
15843.0 2813.0
65979.0 69732.0
67674.0 28905.0
8774.0 26493.0
54449.0 46233.0
56121.0 67238.0
56924.0 56145.0
67072.0 50500.0
61273.0 48367.0
22958.0 30398.0
40309.0 58377.0
18542.0 93838.0
99276.0 66089.0
54025.0 50648.0
8796.0 81941.0
7703.0 83648.0
8997.0 21077.0
25367.0 48711.0
12297.0 4848.0
8149.0 24277.0
81390.0 74852.0
17360.0 13480.0
59021.0 66171.0
19992.0 93838.0
83932.0 4815.0
67763.0 11757.0
61273.0 54012.0
79940.0 74852.0
52932.0 69552.0
20259.0 14169.0
86609.0 12856.0
35960.0 58459.0
26169.0 5570.0
80431.0 65449.0
77911.0 12282.0
51550.0 47317.0
28645.0 64711.0
42584.0 23572.0
68834.0 7490.0
10870.0 81367.0
53802.0 83139.0
28266.0 40605.0
61273.0 50812.0
67429.0 70339.0
50323.0 66450.0
90579.0 67944.0
49788.0 18238.0
49230.0 37766.0
20839.0 17369.0
59824.0 48367.0
20995.0 15235.0
48226.0 49860.0
5562.0 29692.0
15397.0 24999.0
25813.0 59821.0
13123.0 27133.0
56077.0 58278.0
24541.0 86536.0
12454.0 85469.0
18118.0 41245.0
76082.0 66500.0
74387.0 7342.0
44524.0 40195.0
19746.0 24146.0
51483.0 69191.0
23605.0 91705.0
48583.0 14809.0
50078.0 71685.0
32615.0 44691.0
51773.0 73818.0
60181.0 12807.0
31544.0 63644.0
75859.0 70766.0
58731.0 69371.0
33239.0 78905.0
44547.0 38061.0
41067.0 17631.0
24430.0 8836.0
82594.0 9082.0
40198.0 36092.0
12409.0 76017.0
21196.0 25213.0
37588.0 81203.0
41580.0 32827.0
44480.0 29627.0
51237.0 17516.0
20371.0 27707.0
48806.0 58114.0
86230.0 65203.0
18743.0 12413.0
80766.0 78052.0
45327.0 53322.0
81881.0 65006.0
14260.0 31399.0
89129.0 68403.0
33685.0 61806.0
17672.0 18435.0
52575.0 52945.0
49453.0 83516.0
21397.0 64087.0
47044.0 38833.0
16245.0 21799.0
13346.0 22866.0
16513.0 54291.0
94192.0 9443.0
21642.0 12413.0
8015.0 28544.0
36986.0 11067.0
48583.0 69650.0
48628.0 70717.0
39083.0 35026.0
49408.0 45167.0
18743.0 86536.0
54828.0 77806.0
47134.0 11166.0
54025.0 52945.0
15843.0 12413.0
10402.0 95069.0
32615.0 47891.0
79517.0 76985.0
30095.0 63644.0
26103.0 9902.0
3778.0 23588.0
21620.0 65433.0
89129.0 67336.0
13747.0 48941.0
67139.0 6423.0
22088.0 61954.0
76996.0 74918.0
10692.0 96136.0
56924.0 54012.0
42919.0 24638.0
54917.0 79939.0
52999.0 45479.0
20192.0 87225.0
14394.0 3453.0
52352.0 83139.0
67072.0 54143.0
26504.0 92772.0
17293.0 86536.0
79829.0 70651.0
71421.0 52010.0
45684.0 13742.0
13056.0 9902.0
10335.0 32466.0
51460.0 51878.0
56367.0 79939.0
25991.0 81892.0
18609.0 31465.0
14505.0 9902.0
34511.0 60444.0
52018.0 79332.0
49765.0 16105.0
50033.0 11658.0
45751.0 61314.0
80208.0 71718.0
26816.0 42558.0
4313.0 22226.0
43298.0 14431.0
16022.0 26066.0
10848.0 48941.0
79584.0 3256.0
19189.0 61511.0
59021.0 71865.0
23092.0 13102.0
30340.0 80825.0
72112.0 11609.0
85159.0 12282.0
25545.0 66844.0
22846.0 64366.0
77532.0 68633.0
24541.0 81892.0
84780.0 63940.0
46286.0 67517.0
27441.0 80825.0
26794.0 89736.0
14572.0 6702.0
20081.0 11346.0
20192.0 76395.0
22155.0 92772.0
14773.0 87602.0
84557.0 71652.0
91181.0 5258.0
40488.0 79299.0
43967.0 17631.0
15665.0 98269.0
31968.0 3863.0
56077.0 28166.0
30474.0 71111.0
28355.0 68977.0
10000.0 51074.0
61630.0 67599.0
45929.0 59181.0
60181.0 14021.0
10714.0 54274.0
56077.0 26197.0
20638.0 62348.0
85806.0 73785.0
89129.0 71340.0
24720.0 29331.0
20728.0 68633.0
8060.0 77248.0
26816.0 41491.0
18118.0 47874.0
25746.0 64366.0
60158.0 51878.0
47379.0 27395.0
19546.0 15235.0
26816.0 43624.0
55252.0 84206.0
11606.0 83336.0
16022.0 27133.0
11784.0 33532.0
63370.0 72473.0
32994.0 65006.0
21508.0 30398.0
48160.0 78183.0
86609.0 11789.0
2864.0 22521.0
42249.0 42328.0
55475.0 54012.0
50278.0 28084.0
17048.0 62578.0
59021.0 72932.0
62723.0 46677.0
57527.0 32105.0
28890.0 80825.0
49364.0 84583.0
51728.0 29233.0
48226.0 55981.0
51728.0 30595.0
9420.0 46709.0
55475.0 55078.0
92407.0 10739.0
16490.0 16680.0
72937.0 7342.0
11361.0 29266.0
75346.0 9476.0
17249.0 88669.0
40488.0 78019.0
21642.0 85469.0
28712.0 60100.0
12900.0 88669.0
27887.0 61166.0
48650.0 46299.0
63080.0 12954.0
82260.0 11215.0
22155.0 91705.0
22980.0 8770.0
85382.0 4963.0
33239.0 77839.0
23069.0 65433.0
12944.0 79808.0
56701.0 82072.0
17985.0 96136.0
58976.0 28511.0
31165.0 43313.0
44591.0 76050.0
25991.0 11330.0
90579.0 64744.0
41246.0 33959.0
20371.0 4947.0
54828.0 75673.0
24095.0 25213.0
81033.0 2994.0
8038.0 87274.0
57527.0 30480.0
59824.0 50812.0
54672.0 72752.0
16513.0 53224.0
9420.0 43395.0
76796.0 67566.0
42205.0 21438.0
15732.0 11346.0
46019.0 68584.0
45171.0 73917.0
77911.0 13348.0
74722.0 15482.0
52932.0 10772.0
56701.0 84206.0
14505.0 83336.0
78647.0 65318.0
87679.0 65302.0
10870.0 44346.0
47000.0 72850.0
11450.0 97202.0
64752.0 57343.0
65935.0 7490.0
61875.0 29413.0
20995.0 90638.0
77041.0 73851.0
75971.0 17615.0
44145.0 39128.0
58954.0 57212.0
7012.0 30677.0
40309.0 59870.0
81658.0 71718.0
78245.0 10148.0
86230.0 68452.0
18631.0 8146.0
20304.0 9837.0
75837.0 7342.0
9041.0 90802.0
11294.0 9312.0
15888.0 90802.0
71622.0 17615.0
83709.0 12282.0
40131.0 28626.0
91292.0 8836.0
40532.0 35026.0
99276.0 67484.0
28266.0 47645.0
90579.0 69207.0
27262.0 59821.0
34689.0 79972.0
69793.0 10690.0
31790.0 77543.0
8461.0 30677.0
27619.0 27592.0
38949.0 13283.0
20014.0 58081.0
68522.0 51567.0
42695.0 40195.0
77621.0 15482.0
11383.0 11445.0
76461.0 13348.0
45216.0 54389.0
46331.0 34960.0
78446.0 74918.0
6700.0 24359.0
31344.0 24392.0
24541.0 77264.0
17293.0 81203.0
80520.0 15482.0
34511.0 58295.0
69258.0 2009.0
24363.0 56900.0
29716.0 42246.0
50100.0 46381.0
50680.0 80399.0
18743.0 78003.0
8395.0 86208.0
20148.0 51091.0
36139.0 80415.0
11004.0 85469.0
47134.0 69650.0
58731.0 12183.0
29336.0 62578.0
78134.0 2682.0
78268.0 14415.0
52018.0 78265.0
20638.0 61281.0
15843.0 86536.0
17293.0 77707.0
54360.0 51878.0
48226.0 52781.0
12989.0 90802.0
58709.0 51878.0
38101.0 9656.0
11673.0 25344.0
13747.0 89736.0
65689.0 6062.0
61630.0 12561.0
47446.0 81383.0
16669.0 41475.0
16669.0 44675.0
33373.0 70044.0
28890.0 79398.0
13769.0 82269.0
44881.0 36027.0
27441.0 84238.0
79695.0 9082.0
7859.0 41146.0
26169.0 6702.0
75770.0 52518.0
51237.0 18583.0
46888.0 19075.0
54627.0 58278.0
73227.0 72227.0
12498.0 24277.0
92028.0 70274.0
35603.0 16483.0
51237.0 19650.0
60426.0 28708.0
89129.0 70274.0
48829.0 29528.0
51126.0 49860.0
59378.0 81006.0
11093.0 94002.0
26437.0 62233.0
6097.0 47546.0
11896.0 21061.0
21018.0 82597.0
57281.0 12167.0
49676.0 49581.0
7436.0 32810.0
50680.0 35633.0
23270.0 4602.0
12543.0 52141.0
51773.0 64924.0
64173.0 50500.0
33239.0 81482.0
55029.0 34238.0
28422.0 72177.0
26526.0 67911.0
15843.0 3880.0
55252.0 83139.0
9153.0 83008.0
15732.0 7769.0
45439.0 18009.0
24720.0 4503.0
21531.0 11346.0
92028.0 69207.0
27954.0 92772.0
19568.0 46808.0
10223.0 27477.0
68522.0 55718.0
37499.0 12216.0
77108.0 72784.0
44480.0 28035.0
85382.0 6949.0
75012.0 12282.0
66782.0 10690.0
11784.0 32466.0
58798.0 45544.0
25367.0 40424.0
16290.0 61150.0
77465.0 75984.0
47379.0 28560.0
9465.0 28544.0
27619.0 6702.0
9599.0 24277.0
19568.0 43608.0
21642.0 76230.0
60470.0 72473.0
40175.0 19765.0
66024.0 8557.0
67719.0 73014.0
51728.0 58278.0
67072.0 51567.0
21597.0 88505.0
21642.0 2436.0
9911.0 31399.0
47780.0 34862.0
5071.0 46201.0
77532.0 66483.0
58374.0 48679.0
64529.0 69732.0
82617.0 14415.0
84557.0 72719.0
51929.0 77199.0
18118.0 82269.0
2351.0 24655.0
15219.0 43772.0
57571.0 64136.0
52129.0 34747.0
56367.0 78872.0
11383.0 8245.0
11338.0 7178.0
17472.0 28199.0
27619.0 5636.0
23270.0 28265.0
17115.0 98269.0
50680.0 33680.0
51550.0 60411.0
23092.0 75869.0
57527.0 58278.0
84780.0 69519.0
52575.0 48514.0
2663.0 28166.0
14751.0 95069.0
21821.0 4602.0
22467.0 43378.0
20081.0 7802.0
21196.0 24146.0
33239.0 76772.0
31968.0 4930.0
7971.0 44445.0
76796.0 9476.0
43097.0 37093.0
29024.0 70766.0
38190.0 18698.0
19791.0 52157.0
20192.0 78331.0
50568.0 78265.0
28890.0 85469.0
61853.0 57343.0
6521.0 46201.0
17806.0 91869.0
93478.0 65810.0
12007.0 91869.0
81033.0 6949.0
19947.0 64087.0
47424.0 73917.0
67473.0 16023.0
21018.0 46808.0
15085.0 14546.0
66269.0 66450.0
13948.0 23933.0
54627.0 27034.0
39885.0 12036.0
25367.0 41491.0
59824.0 55078.0
41335.0 12298.0
65622.0 49154.0
72447.0 9623.0
2908.0 43723.0
25456.0 69699.0
48338.0 19075.0
15799.0 97202.0
58976.0 31038.0
56077.0 31547.0
52575.0 54012.0
8461.0 29610.0
67429.0 71406.0
33239.0 79972.0
73272.0 16548.0
18341.0 52157.0
61853.0 56276.0
21018.0 47874.0
53468.0 79332.0
19880.0 65154.0
50256.0 57212.0
13613.0 54274.0
5986.0 32810.0
48338.0 17172.0
4023.0 47267.0
11651.0 87602.0
25367.0 42558.0
25813.0 58754.0
23047.0 88505.0
17182.0 11346.0
23092.0 85092.0
9153.0 36732.0
40131.0 32892.0
75770.0 51452.0
69168.0 73293.0
93857.0 10509.0
37588.0 78003.0
52999.0 60411.0
36139.0 79348.0
44970.0 47891.0
36718.0 17549.0
52575.0 55078.0
23895.0 90638.0
36741.0 18698.0
52910.0 51878.0
51349.0 72752.0
56121.0 74606.0
52575.0 50648.0
68455.0 13890.0
14773.0 94002.0
56077.0 59345.0
2975.0 25721.0
70886.0 4586.0
17695.0 20831.0
55029.0 35305.0
6566.0 28544.0
19568.0 47874.0
89129.0 64481.0
43989.0 18698.0
23917.0 40999.0
51215.0 16450.0
65622.0 50812.0
30340.0 79759.0
51773.0 75065.0
20549.0 94905.0
17293.0 84403.0
58374.0 56145.0
90579.0 71340.0
16535.0 14546.0
57348.0 45643.0
73272.0 15482.0
11361.0 30332.0
18118.0 42541.0
47134.0 10099.0
30340.0 76559.0
63325.0 27395.0
58374.0 49745.0
15442.0 52157.0
87256.0 73785.0
69904.0 14809.0
76930.0 69699.0
12342.0 99335.0
13056.0 83336.0
42785.0 13102.0
14773.0 92936.0
58976.0 27280.0
45550.0 72850.0
27575.0 70766.0
25367.0 45758.0
81256.0 79119.0
24720.0 28265.0
41982.0 35026.0
28868.0 66073.0
54627.0 29578.0
5116.0 27559.0
66648.0 9623.0
63303.0 57343.0
25991.0 77002.0
64529.0 68666.0
16022.0 4947.0
51728.0 27100.0
54025.0 56145.0
18118.0 45741.0
17472.0 7080.0
92630.0 6555.0
26816.0 40424.0
5228.0 23293.0
45416.0 16942.0
84780.0 66319.0
11762.0 35666.0
12810.0 31399.0
50033.0 13742.0
38859.0 59378.0
21776.0 70766.0
63080.0 11658.0
52932.0 12118.0
11450.0 51074.0
15843.0 78167.0
39952.0 16565.0
20192.0 79398.0
68878.0 71406.0
23047.0 89572.0
45617.0 52256.0
89731.0 4192.0
18096.0 90425.0
76171.0 16548.0
75748.0 65285.0
56924.0 47612.0
4112.0 29692.0
20862.0 53224.0
13457.0 91869.0
17472.0 27133.0
49676.0 55981.0
47424.0 65384.0
9666.0 34599.0
54627.0 30841.0
26169.0 3502.0
32615.0 46824.0
40309.0 20831.0
15197.0 89736.0
43699.0 42328.0
20014.0 59148.0
30340.0 84403.0
49899.0 72752.0
72469.0 14415.0
90958.0 10739.0
20192.0 86158.0
15085.0 96136.0
81145.0 10148.0
68522.0 48810.0
71778.0 70881.0
19546.0 50024.0
21464.0 57687.0
12833.0 8245.0
19724.0 72899.0
20371.0 26279.0
20884.0 95971.0
31165.0 44379.0
60470.0 73539.0
28779.0 9197.0
10223.0 26410.0
27619.0 28659.0
47111.0 50927.0
18743.0 80136.0
42695.0 39128.0
46710.0 78183.0
55832.0 10624.0
23917.0 43378.0
19568.0 41245.0
51126.0 55078.0
23092.0 87438.0
25344.0 90638.0
24296.0 64366.0
52665.0 43887.0
2328.0 23588.0
70328.0 71948.0
64529.0 70799.0
70707.0 1993.0
58151.0 82072.0
51126.0 48793.0
11606.0 10378.0
18631.0 11346.0
18743.0 79069.0
16646.0 15613.0
19568.0 39505.0
51773.0 67057.0
49230.0 34566.0
24675.0 70766.0
6900.0 31744.0
13769.0 45905.0
21597.0 89572.0
5005.0 44067.0
75346.0 67566.0
69168.0 3076.0
38859.0 20831.0
61920.0 65203.0
15219.0 41360.0
88281.0 7523.0
51550.0 61478.0
96377.0 66007.0
27441.0 81892.0
51706.0 57212.0
24653.0 9902.0
26392.0 23998.0
45684.0 10591.0
29069.0 4569.0
94928.0 69207.0
79584.0 2190.0
22467.0 48711.0
11896.0 22144.0
8551.0 50976.0
41870.0 22505.0
17293.0 12413.0
64775.0 27838.0
13948.0 24999.0
51483.0 13972.0
84289.0 74852.0
79717.0 14415.0
14572.0 5636.0
6097.0 20848.0
17739.0 61511.0
46866.0 15875.0
19925.0 73966.0
18631.0 9213.0
55832.0 13250.0
22467.0 45511.0
90579.0 66270.0
81457.0 76985.0
36049.0 14267.0
23092.0 86372.0
80810.0 12282.0
24363.0 58754.0
62723.0 54012.0
28444.0 26525.0
76684.0 6276.0
73071.0 17615.0
64775.0 29413.0
11874.0 92936.0
14438.0 90802.0
84356.0 73785.0
24006.0 69699.0
48829.0 33500.0
84780.0 68452.0
33061.0 60100.0
15197.0 15613.0
70373.0 8557.0
69124.0 29971.0
78379.0 70651.0
37410.0 59378.0
15710.0 30332.0
18698.0 88292.0
45327.0 55456.0
65622.0 47743.0
16669.0 45741.0
45327.0 49040.0
11495.0 3781.0
6253.0 33877.0
74320.0 50943.0
19568.0 82269.0
55898.0 44576.0
10201.0 87602.0
53178.0 33171.0
74320.0 52010.0
18810.0 13480.0
54025.0 54012.0
13100.0 87602.0
28890.0 83336.0
42495.0 20372.0
59824.0 56145.0
63080.0 70438.0
50323.0 74885.0
15397.0 23933.0
57281.0 13873.0
17962.0 53224.0
14684.0 32466.0
16646.0 49778.0
50903.0 83598.0
9643.0 94002.0
17293.0 79069.0
31790.0 78692.0
26905.0 68977.0
46821.0 60247.0
47201.0 61314.0
8997.0 19994.0
25054.0 91705.0
68588.0 6423.0
82840.0 74852.0
8997.0 47776.0
12297.0 48941.0
17472.0 6013.0
18609.0 29479.0
15955.0 10280.0
22467.0 82958.0
18497.0 63414.0
50903.0 82532.0
63325.0 28577.0
65199.0 9623.0
54025.0 55078.0
55475.0 47612.0
28266.0 43624.0
14572.0 28199.0
25545.0 26132.0
83107.0 72719.0
60181.0 69371.0
45416.0 15875.0
12297.0 89736.0
42762.0 41261.0
81033.0 4815.0
52575.0 56145.0
13234.0 32466.0
723.0 27855.0
78134.0 5882.0
28266.0 42246.0
23493.0 23867.0
15910.0 13480.0
64173.0 54143.0
29894.0 24999.0
6499.0 49909.0
21018.0 39358.0
74722.0 8409.0
47780.0 35928.0
79316.0 78052.0
44368.0 20716.0
24430.0 74311.0
67117.0 3224.0
81881.0 69585.0
86832.0 5160.0
15041.0 16680.0
75368.0 14415.0
18118.0 46808.0
16223.0 87602.0
48583.0 13742.0
23917.0 47874.0
24073.0 72899.0
27441.0 85469.0
37499.0 14267.0
13792.0 99335.0
34154.0 16401.0
67072.0 55210.0
14394.0 12413.0
23783.0 95971.0
31611.0 59361.0
67072.0 47005.0
58374.0 55078.0
23917.0 82958.0
58151.0 84206.0
9510.0 77675.0
24430.0 10969.0
86832.0 7523.0
26816.0 44691.0
20192.0 81203.0
89843.0 8606.0
77911.0 11215.0
7480.0 78315.0
15710.0 29266.0
89731.0 6473.0
19189.0 60215.0
24541.0 13102.0
49676.0 53848.0
34064.0 48957.0
31544.0 64711.0
44234.0 10017.0
4536.0 32810.0
24541.0 12036.0
20951.0 67566.0
57571.0 72571.0
15799.0 88669.0
24430.0 7769.0
12320.0 82269.0
40554.0 30759.0
48918.0 68584.0
54605.0 57212.0
46554.0 83516.0
18118.0 40178.0
10424.0 92936.0
69971.0 50943.0
12766.0 98269.0
38726.0 19765.0
37410.0 58311.0
81145.0 9082.0
23092.0 77002.0
15710.0 31399.0
47847.0 76050.0
88393.0 9656.0
86832.0 6456.0
77242.0 77051.0
88281.0 6456.0
67719.0 74360.0
14394.0 78856.0
50033.0 69650.0
52129.0 37766.0
16022.0 28199.0
12810.0 30332.0
35135.0 62578.0
43030.0 28035.0
28779.0 8130.0
20906.0 66500.0
81457.0 73785.0
4425.0 25721.0
12320.0 45643.0
47624.0 82450.0
75012.0 10690.0
44234.0 11084.0
43454.0 30693.0
54627.0 28166.0
13279.0 94002.0
27329.0 7769.0
74722.0 16548.0
30095.0 64711.0
14282.0 10969.0
56478.0 81006.0
57281.0 68485.0
66269.0 65384.0
9019.0 97202.0
7101.0 50976.0
8595.0 79381.0
12900.0 97202.0
22646.0 25574.0
21642.0 1369.0
51483.0 10674.0
52932.0 70618.0
43454.0 31760.0
81033.0 5882.0
52999.0 61478.0
86007.0 72719.0
9264.0 54274.0
10870.0 43148.0
21018.0 45741.0
66537.0 4290.0
92028.0 71340.0
97827.0 66007.0
12900.0 51074.0
79695.0 10148.0
14394.0 86536.0
42517.0 16942.0
52129.0 81006.0
16535.0 96136.0
14260.0 29266.0
49743.0 81465.0
37053.0 16483.0
58374.0 47300.0
28890.0 82105.0
28645.0 63644.0
11361.0 31399.0
29069.0 2797.0
60470.0 75147.0
44480.0 32827.0
86230.0 70586.0
11115.0 53208.0
19412.0 53224.0
34064.0 44379.0
67719.0 2157.0
47870.0 71783.0
39618.0 29692.0
37588.0 79069.0
66269.0 73014.0
23538.0 63300.0
94192.0 7310.0
31790.0 81039.0
96377.0 67074.0
73896.0 9623.0
89843.0 9673.0
45929.0 27494.0
28422.0 73244.0
71934.0 18681.0
87456.0 72407.0
18698.0 51091.0
18921.0 28412.0
37410.0 60444.0
25946.0 88669.0
61920.0 66532.0
53802.0 82072.0
50278.0 29758.0
2752.0 30759.0
54672.0 73999.0
43967.0 16565.0
5250.0 24655.0
24720.0 5669.0
76461.0 10542.0
38436.0 11149.0
26816.0 45758.0
27195.0 63644.0
16892.0 52157.0
84044.0 9082.0
46866.0 16942.0
14461.0 13480.0
16847.0 24999.0
42539.0 18698.0
15219.0 44839.0
73919.0 14415.0
25969.0 65777.0
57571.0 74606.0
39885.0 10953.0
8885.0 32810.0
24497.0 88505.0
43431.0 35026.0
94928.0 68140.0
56055.0 57212.0
4046.0 33877.0
15219.0 42443.0
10825.0 90802.0
7547.0 20011.0
10446.0 21225.0
17405.0 10280.0
64819.0 73014.0
60470.0 66171.0
13323.0 92936.0
7971.0 80448.0
41580.0 27838.0
84780.0 65252.0
23493.0 22013.0
22467.0 41491.0
48873.0 73917.0
7882.0 48843.0
53222.0 67418.0
67719.0 65548.0
15063.0 54274.0
63080.0 69371.0
72335.0 4142.0
47022.0 47727.0
11495.0 77789.0
52263.0 85272.0
38168.0 17631.0
17293.0 3535.0
39038.0 78232.0
69436.0 4290.0
48829.0 59181.0
9398.0 89736.0
29716.0 39538.0
30162.0 60100.0
44747.0 14809.0
23270.0 6637.0
46487.0 66450.0
16669.0 82269.0
68522.0 54652.0
37410.0 20831.0
22400.0 67566.0
12320.0 42213.0
35425.0 19765.0
21018.0 43378.0
71019.0 13742.0
36139.0 78101.0
92028.0 66368.0
78134.0 3749.0
15843.0 79233.0
16959.0 93838.0
45595.0 39128.0
80810.0 11215.0
12810.0 29266.0
71778.0 71948.0
9666.0 53208.0
9911.0 29610.0
34689.0 77839.0
23092.0 664.0
33061.0 59033.0
7636.0 88341.0
31923.0 70044.0
82483.0 6949.0
22913.0 58754.0
40398.0 14169.0
50635.0 68124.0
60426.0 31038.0
19100.0 94905.0
10313.0 35666.0
9420.0 45413.0
18564.0 58738.0
70373.0 15875.0
75235.0 3749.0
21531.0 8770.0
23270.0 27198.0
6454.0 44035.0
30518.0 3863.0
48583.0 57047.0
65332.0 10690.0
48650.0 47448.0
10536.0 91869.0
10982.0 36732.0
28890.0 76198.0
68923.0 8557.0
13903.0 85469.0
23092.0 80464.0
89731.0 5390.0
54382.0 12905.0
70997.0 9623.0
89508.0 11789.0
30474.0 70044.0
39038.0 80366.0
16356.0 91869.0
36250.0 15416.0
15219.0 46709.0
14349.0 97202.0
83932.0 6949.0
4648.0 21159.0
14260.0 30332.0
68522.0 49876.0
25054.0 92772.0
10848.0 89736.0
20148.0 71833.0
78491.0 73851.0
44881.0 34960.0
42785.0 10870.0
17293.0 2469.0
49230.0 35633.0
40488.0 80366.0
47468.0 68584.0
75235.0 2682.0
56701.0 83139.0
28890.0 84403.0
52352.0 82072.0
83330.0 69585.0
52932.0 14251.0
53155.0 57212.0
38859.0 60937.0
69213.0 11757.0
80431.0 68633.0
55898.0 45954.0
48271.0 60247.0
48405.0 54914.0
48650.0 61314.0
26437.0 61166.0
21508.0 73966.0
47914.0 84583.0
71822.0 15482.0
47580.0 77117.0
25367.0 44691.0
68588.0 5357.0
58731.0 16007.0
73785.0 5209.0
55832.0 14317.0
53378.0 77199.0
27418.0 65777.0
57504.0 57212.0
76818.0 14415.0
6432.0 48843.0
26816.0 47874.0
64819.0 74081.0
50278.0 32613.0
24541.0 75935.0
73562.0 11609.0
21709.0 14169.0
11673.0 26410.0
18743.0 3437.0
71822.0 16548.0
19546.0 16302.0
36652.0 9804.0
68923.0 16023.0
53713.0 85272.0
83107.0 71652.0
16669.0 40408.0
47089.0 74983.0
57571.0 65285.0
54382.0 10969.0
66269.0 74081.0
6521.0 80448.0
28712.0 57228.0
61920.0 73539.0
48003.0 83516.0
70283.0 7490.0
19256.0 91869.0
57527.0 59345.0
17182.0 9213.0
78981.0 67451.0
54382.0 69552.0
27619.0 3502.0
24987.0 62233.0
21597.0 71833.0
50323.0 73818.0
7324.0 25721.0
68120.0 12823.0
6008.0 41901.0
40309.0 61511.0
24541.0 80464.0
17249.0 51091.0
73785.0 6276.0
92742.0 7851.0
21821.0 5669.0
74209.0 1222.0
51728.0 28166.0
65979.0 70799.0
767.0 26788.0
21597.0 51091.0
14349.0 38308.0
39038.0 81432.0
48226.0 53848.0
34600.0 13283.0
35536.0 11035.0
16669.0 46972.0
80810.0 13348.0
42695.0 33893.0
11673.0 27477.0
45929.0 33795.0
17159.0 29266.0
65622.0 55078.0
41848.0 15498.0
10223.0 6112.0
46420.0 71783.0
23047.0 71833.0
48583.0 11609.0
88058.0 10723.0
37053.0 19765.0
18743.0 81203.0
15955.0 83336.0
40398.0 15235.0
67072.0 53076.0
78758.0 71718.0
54828.0 76739.0
94192.0 8376.0
9398.0 49909.0
12320.0 44576.0
26995.0 26361.0
50680.0 37766.0
78558.0 72784.0
95307.0 10509.0
49788.0 19305.0
22044.0 23079.0
26125.0 70766.0
85494.0 9656.0
79071.0 15482.0
57928.0 81006.0
18743.0 76936.0
25880.0 7769.0
2663.0 29233.0
45662.0 70717.0
35960.0 60444.0
10870.0 45413.0
68522.0 53076.0
18118.0 44675.0
56121.0 65105.0
23226.0 70766.0
21821.0 28412.0
17115.0 59378.0
18854.0 84025.0
45149.0 74983.0
59177.0 76214.0
7547.0 21077.0
39618.0 17631.0
89129.0 65810.0
22980.0 10969.0
35960.0 57244.0
50858.0 44363.0
12788.0 7178.0
83330.0 66270.0
44145.0 33893.0
45929.0 32728.0
55475.0 56145.0
21174.0 72899.0
22088.0 63021.0
16646.0 89736.0
61630.0 69371.0
14572.0 27133.0
17739.0 60444.0
83330.0 64186.0
11673.0 6112.0
13747.0 4569.0
57281.0 11100.0
87679.0 71340.0
30786.0 61511.0
56278.0 75673.0
53178.0 59181.0
75012.0 13348.0
8841.0 95069.0
34064.0 47891.0
25991.0 80464.0
58731.0 70438.0
17293.0 80136.0
69570.0 12823.0
11495.0 86536.0
72179.0 1615.0
10000.0 88669.0
6097.0 22144.0
11539.0 55341.0
21241.0 52157.0
31165.0 41179.0
86943.0 9656.0
10848.0 5045.0
31923.0 71111.0
38949.0 14349.0
13769.0 44839.0
21821.0 27346.0
18118.0 43608.0
48829.0 28462.0
38503.0 16565.0
17182.0 8146.0
48316.0 16105.0
19434.0 97038.0
86609.0 10723.0
27441.0 76575.0
81167.0 14415.0
41580.0 29118.0
34087.0 11986.0
32236.0 61511.0
60181.0 70438.0
25991.0 85305.0
10223.0 25344.0
24987.0 60887.0
10045.0 86536.0
42004.0 31760.0
25077.0 67911.0
27262.0 57966.0
22913.0 57179.0
78736.0 8015.0
10045.0 79808.0
55475.0 52945.0
17695.0 22259.0
5451.0 31744.0
77286.0 8015.0
45439.0 19075.0
75480.0 69699.0
18096.0 16302.0
70328.0 70881.0
56924.0 50648.0
23627.0 68633.0
68878.0 69814.0
70707.0 3059.0
16200.0 95069.0
67674.0 29971.0
56278.0 77806.0
14349.0 88669.0
63370.0 65466.0
60181.0 68305.0
76461.0 12282.0
14394.0 80300.0
64819.0 65006.0
4202.0 48334.0
14394.0 84403.0
13301.0 95069.0
18743.0 2075.0
23917.0 45758.0
53178.0 29233.0
19456.0 66221.0
46777.0 55981.0
9510.0 76608.0
11851.0 95069.0
22333.0 95971.0
78981.0 66385.0
41647.0 36092.0
10045.0 78741.0
28712.0 59033.0
32994.0 63940.0
85159.0 11215.0
20304.0 83664.0
23270.0 29331.0
24987.0 63300.0
16223.0 18435.0
19568.0 42312.0
22445.0 90638.0
47201.0 46660.0
25991.0 84238.0
20192.0 12413.0
14795.0 20733.0
53579.0 81006.0
48829.0 32433.0
25545.0 25065.0
35514.0 47891.0
48449.0 72850.0
46888.0 18009.0
57816.0 79939.0
43878.0 49023.0
21642.0 81203.0
88906.0 72407.0
30340.0 78692.0
55809.0 51878.0
53222.0 73638.0
29069.0 7063.0
45929.0 28560.0
47401.0 80317.0
30518.0 5636.0
22356.0 66500.0
47669.0 79250.0
78981.0 68633.0
21754.0 9902.0
60181.0 16007.0
8127.0 23211.0
27619.0 4569.0
11495.0 79923.0
23203.0 9902.0
9153.0 84074.0
76684.0 3174.0
13769.0 42213.0
37588.0 80136.0
26972.0 72177.0
53222.0 66352.0
82907.0 73785.0
7547.0 47776.0
16802.0 85469.0
18252.0 85469.0
28890.0 11330.0
8863.0 85141.0
90579.0 70274.0
13123.0 6013.0
17405.0 83336.0
18096.0 15235.0
11093.0 52141.0
18297.0 24999.0
29716.0 46824.0
59824.0 47021.0
67986.0 4290.0
53178.0 27641.0
16847.0 23933.0
14572.0 26066.0
19390.0 17369.0
56924.0 48679.0
27195.0 64711.0
57527.0 28101.0
70663.0 11757.0
27887.0 62578.0
28266.0 44691.0
19657.0 69699.0
8774.0 25426.0
59021.0 74606.0
11450.0 88669.0
83330.0 67583.0
39038.0 79299.0
94928.0 64941.0
27552.0 10263.0
85494.0 8590.0
94928.0 66877.0
12944.0 3404.0
51550.0 46250.0
74521.0 17615.0
20148.0 88505.0
31165.0 48957.0
78245.0 9082.0
88281.0 5390.0
67830.0 14956.0
54025.0 49581.0
49119.0 79250.0
51126.0 56145.0
45595.0 50123.0
21018.0 44445.0
47134.0 12725.0
20192.0 2370.0
72335.0 5357.0
68878.0 68748.0
19746.0 25213.0
28266.0 39538.0
9889.0 7490.0
92407.0 11806.0
4335.0 28626.0
75658.0 71833.0
43030.0 29627.0
53222.0 65236.0
12944.0 84403.0
48561.0 51714.0
91181.0 7539.0
68343.0 10690.0
54672.0 67238.0
31790.0 76477.0
67473.0 8557.0
13769.0 43509.0
63370.0 67139.0
54449.0 44954.0
25991.0 13102.0
79584.0 6062.0
31968.0 5997.0
28266.0 48711.0
44234.0 12232.0
61875.0 28347.0
54917.0 78872.0
65622.0 54012.0
23962.0 66844.0
12320.0 43280.0
14394.0 77100.0
13123.0 28199.0
47134.0 14251.0
11651.0 34599.0
54672.0 65105.0
55475.0 50812.0
45662.0 51189.0
24363.0 59821.0
67139.0 5357.0
38168.0 21898.0
8863.0 35666.0
61920.0 75147.0
7212.0 84714.0
47357.0 58114.0
67072.0 48810.0
54025.0 48383.0
82260.0 12282.0
57281.0 69552.0
44234.0 13365.0
62723.0 48104.0
19546.0 90638.0
40488.0 37159.0
22177.0 68633.0
50278.0 59181.0
79361.0 11215.0
53178.0 31366.0
72157.0 3076.0
49297.0 75952.0
88058.0 11789.0
18698.0 89358.0
7413.0 35666.0
44011.0 77117.0
14282.0 7769.0
43030.0 32827.0
51483.0 12676.0
71488.0 6423.0
51929.0 76132.0
879.0 24212.0
15353.0 1747.0
61630.0 70438.0
15219.0 82269.0
7146.0 79381.0
31165.0 40113.0
57259.0 51878.0
59021.0 63940.0
10335.0 33532.0
27976.0 67911.0
25523.0 72899.0
79807.0 79119.0
75770.0 50385.0
68098.0 9623.0
73272.0 8409.0
1525.0 25721.0
7012.0 29610.0
64173.0 48088.0
3622.0 45856.0
32615.0 48957.0
25946.0 87602.0
13390.0 2108.0
41759.0 60740.0
11316.0 98269.0
52575.0 49581.0
50100.0 61314.0
7168.0 81514.0
21754.0 84025.0
53378.0 75673.0
64173.0 49433.0
55832.0 15383.0
15799.0 50845.0
21464.0 59148.0
26169.0 28265.0
52687.0 19650.0
66224.0 27411.0
17650.0 94905.0
16245.0 22866.0
45907.0 58114.0
14795.0 22128.0
21642.0 87438.0
27441.0 12397.0
41848.0 14169.0
67384.0 7490.0
21531.0 7703.0
31165.0 47645.0
29716.0 43313.0
75235.0 5209.0
20326.0 70766.0
79361.0 12282.0
6521.0 45134.0
20148.0 89572.0
19144.0 22472.0
92630.0 5406.0
81881.0 66073.0
24497.0 89572.0
47780.0 36995.0
887 1606
864 790
671 297
1573 1022
298 535
835 617
1323 769
818 1321
349 1520
253 1737
1510 1746
288 1457
1684 326
974 92
323 1643
1739 317
404 1728
1237 637
1678 1098
1185 316
719 1314
524 1495
1625 1047
145 1104
1377 729
840 1480
1330 1623
233 943
786 90
1298 1122
1082 528
1139 1658
1081 123
360 1665
998 1672
616 1755
1361 1041
410 1685
1239 1579
1474 1100
377 647
209 1396
415 425
789 1218
168 367
376 1238
1069 1655
1378 208
1240 88
295 1230
322 6
584 1416
1045 1313
727 1466
1099 1
217 502
1226 1416
1141 570
307 865
1369 428
74 40
1609 1612
508 980
332 361
1027 110
1015 1616
296 1280
820 158
493 984
844 448
1786 1658
586 1004
935 27
1424 205
335 854
727 1351
695 525
1777 624
1440 1555
766 872
531 914
1591 890
1675 702
610 164
82 356
545 700
147 1221
1252 1532
1300 430
1086 1305
677 1543
1587 152
490 80
126 1611
612 1770
278 431
217 435
377 1764
1150 1698
939 1026
257 1271
761 445
1314 1308
824 314
1330 1198
237 389
54 1421
1467 362
1793 1761
814 1233
920 243
746 599
554 336
444 881
766 932
824 1683
126 1280
1636 860
1347 1519
1524 463
11 1625
1169 436
73 243
1676 1732
172 1340
991 1358
1191 1353
227 250
911 137
1162 1188
431 1519
1630 363
1679 152
792 1389
1572 224
461 236
1715 31
315 306
514 955
253 307
1528 496
1463 1124
637 1106
504 698
187 1469
810 1480
1371 978
1355 166
1479 1121
234 179
919 698
94 4
486 1263
593 1611
105 1428
1641 1647
942 1797
256 1512
1100 885
237 1634
1363 1302
922 1462
1367 311
1753 757
1409 1555
826 610
113 248
129 1014
972 784
1612 605
1542 771
579 1543
695 1232
487 1370
212 488
97 1582
299 1798
644 893
245 1411
26 1264
1482 1122
1600 922
648 1189
867 220
853 390
1274 635
1374 929
574 1706
1079 784
462 357
1100 1494
606 940
1287 491
527 1504
1543 483
549 1197
1728 1490
1593 1780
463 627
439 262
132 818
430 646
893 1720
135 655
1178 1298
594 354
1441 855
364 460
1260 1017
1285 492
769 1177
1155 270
1323 693
1681 1734
1606 807
683 1617
1285 1624
1770 407
397 660
1261 1690
894 167
275 1480
1673 301
535 1012
1764 999
1142 795
591 64
324 556
836 456
1546 357
1199 209
0 554
655 140
1709 1034
234 1005
612 944
105 1533
1231 802
1199 1396
545 385
615 1275
688 291
240 1768
1363 1408
56 1179
1515 1775
1634 164
1534 313
1466 830
454 1751
1206 661
350 1466
1382 720
403 220
530 1559
1003 813
727 772
1002 1561
142 1289
1093 1597
711 1054
895 901
546 883
1233 1208
692 1213
401 1135
1281 1693
119 569
759 208
1533 1428
1580 207
1151 518
724 442
758 518
1309 873
522 634
1347 1330
1390 238
785 1355
1556 1553
1589 1664
1579 321
1794 1798
1102 161
587 63
1678 1045
369 763
1592 271
528 616
264 1249
69 1020
1451 954
1029 1322
1254 226
588 635
0 287
1219 426
1073 144
994 354
1214 1562
648 495
23 1386
861 70
1206 1608
95 279
819 741
421 265
1696 839
1650 1019
1575 26
1001 379
946 22
1709 390
1796 188
583 544
448 1524
744 1052
415 1010
858 487
853 775
1722 567
42 365
1739 569
195 566
273 802
588 59
197 479
250 642
508 33
182 1406
878 1307
1643 899
1700 1441
246 1639
1045 505
1672 180
1072 64
524 330
1712 185
908 1432
1560 355
967 1247
618 802
787 44
1446 787
1078 1798
1294 230
1443 1715
1469 372
651 1011
1041 1115
617 551
331 347
1554 1767
1503 408
788 1087
974 1376
209 1350
651 965
528 1006
841 582
1582 1356
922 1477
782 612
1702 902
845 1115
54 162
1475 890
805 509
434 57
507 1718
501 764
1293 620
466 893
66 402
1794 32
904 146
584 1193
1461 575
165 705
65 121
664 1700
1196 587
1586 178
1388 1429
131 144
1355 1729
194 889
1711 387
1009 1004
804 1777
377 999
1389 736
192 1653
77 416
877 134
406 925
1701 1572
417 299
887 1256
1562 190
599 596
670 1684
945 781
95 1457
1566 1362
1180 527
803 89
310 121
1675 1744
1184 1760
1783 994
685 1799
502 1432
1016 217
1377 35
1409 1573
352 551
1719 1362
1150 124
162 575
706 535
5 900
588 312
1344 349
1261 182
703 1585
1242 1106
1610 1111
1424 369
1489 1472
603 529
1752 431
1423 1054
57 329
1571 137
679 1379
1062 905
1340 649
1771 1742
1586 1541
133 140
1013 1422
113 1447
178 631
1742 1218
14 1173
1539 1769
751 1402
124 1464
1789 498
1641 429
1387 1644
1089 495
1399 864
1792 1096
634 809
482 381
1062 1425
1377 1567
1500 1467
1166 1311
983 262
217 325
880 713
443 1097
887 129
1578 936
10 1725
744 976
670 661
1745 1598
827 1219
714 656
344 343
411 631
1267 1570
320 1291
1413 41
1784 1107
1077 609
770 1571
486 1590
399 918
855 1740
266 662
136 890
1223 1383
606 846
128 213
1795 1780
1003 1695
894 1553
1406 1745
464 734
116 715
820 81
524 155
45 639
412 1551
458 1609
1583 488
378 1352
1141 1754
719 1793
1125 1473
315 842
227 642
764 1657
1581 392
156 303
1713 1363
15 230
1011 1773
1516 498
972 1428
1273 1541
1447 1755
1028 299
865 1088
1523 637
179 289
385 700
1148 497
1264 1097
987 485
1016 1486
1183 1443
797 1254
775 1716
947 738
721 1050
937 1732
1637 1098
1068 1195
101 118
1259 1562
122 89
806 2
1392 997
1217 41
1016 858
996 1338
373 279
209 1154
1373 1606
191 884
1586 646
742 1533
1549 153
1567 1061
1340 1244
1387 1552
1460 1529
1366 1222
1415 420
380 1084
1732 1195
874 381
350 587
1144 1528
650 55
1515 873
1770 1088
1321 1381
50 414
913 794
709 1480
1660 366
1584 354
377 1497
1231 938
915 1763
19 455
1000 1242
289 1454
1212 1646
1138 1684
1387 561
922 648
1662 486
24 1272
666 467
1459 1108
387 255
655 265
1453 703
1064 685
500 449
503 541
1787 967
338 1679
1515 1193
1028 1798
1439 1466
534 342
164 422
1335 662
695 1143
97 34
38 1158
808 421
608 1067
1329 1624
152 667
1706 1090
332 167
992 1534
1630 1696
328 1337
274 147
32 90
1344 82
287 554
223 492
1382 747
172 484
561 1079
1472 966
1058 812
1073 695
310 901
1625 929
1441 520
334 75
728 1495
1485 29
286 127
267 678
1360 764
148 824
927 347
729 632
1534 1752
475 1681
350 1196
878 1320
1434 1064
401 1642
687 412
1157 1120
267 792
1286 155
1019 1076
544 1319
1069 1391
615 949
847 843
591 518
759 1210
497 1641
65 87
1538 369
1536 585
1399 455
257 583
754 1375
225 918
1471 34
606 1392
115 371
1768 1729
721 564
485 178
241 1157
130 617
930 1064
1628 982
597 1316
1443 1178
939 433
1049 982
691 1455
1791 1381
1255 803
704 427
468 413
1209 1030
534 721
743 928
757 609
1140 916
446 37
940 614
1780 1015
1498 1326
638 1216
635 604
529 124
423 1069
444 770
807 374
1303 745
1472 1459
243 1723
1769 649
478 815
940 1392
1065 833
1203 1286
393 1014
397 1141
772 1536
1046 361
274 1617
212 1792
1260 1774
1721 1669
85 1412
437 1778
1241 248
59 635
1620 154
1534 252
1276 1348
775 674
99 248
523 334
1711 628
1629 634
404 734
1527 965
553 737
583 1718
475 889
1665 1103
1250 1569
1786 1139
32 546
1614 1481
333 568
235 158
1023 316
1001 1755
821 668
383 379
113 1241
1388 1236
1592 449
1316 100
1532 1197
856 537
1187 1125
1323 586
1771 790
836 1249
920 864
946 80
1041 329
380 340
1266 623
1096 1757
696 218
478 536
38 1451
1783 1798
1620 257
1560 1154
1024 631
877 1348
38 954
707 1463
992 1649
1577 900
803 122
462 1488
1740 948
551 624
1779 1577
351 109
1452 933
167 620
730 1569
209 698
1447 187
1281 1170
1204 197
256 1510
1552 292
386 536
1414 1137
1139 678
393 592
550 194
388 1154
543 280
1211 68
74 795
192 1535
207 1132
940 997
1438 1633
1056 181
1640 1369
1570 652
1659 1517
192 842
682 1726
1240 950
261 146
569 13
418 260
99 1115
115 825
697 1725
120 441
671 799
614 1622
882 1298
1452 1143
107 350
626 1209
973 1185
680 1362
1439 1393
1002 634
1231 1479
1471 1710
65 1103
1120 359
1095 1460
1449 1422
1349 590
749 1753
563 183
1486 1343
589 1212
577 1732
113 1119
1430 1031
585 1202
583 1319
1300 1207
1385 1570
51 112
981 1569
29 1358
1556 538
365 1140
1225 1152
1444 586
284 447
645 223
814 1222
903 3
753 879
297 904
1064 1487
40 711
633 1782
1770 376
1513 1336
1683 1551
876 1102
1722 1123
1057 947
322 861
832 1093
1156 864
366 852
1334 1766
1693 512
959 1354
1267 647
1050 1343
564 908
1682 1295
1303 1525
640 1260
867 188
1309 1017
1159 1264
324 1185
1083 160
903 363
669 1754
600 1388
1154 1462
590 1420
436 208
354 1735
136 610
289 1134
1760 1720
1120 1160
846 656
736 855
348 799
463 1647
577 937
144 445
1527 1310
1524 627
1403 619
991 1455
1783 1794
1200 178
1041 1403
1662 871
1580 443
1738 699
1159 1397
1445 1177
858 635
147 843
1381 1022
189 1236
1131 1717
291 1645
1207 1067
1302 562
118 1052
529 1786
197 1357
917 1380
101 1052
1773 968
1093 360
974 567
1229 1425
339 744
1142 694
15 1294
1279 882
882 1482
1161 1053
9 1118
117 1677
1497 1496
726 762
721 1432
408 747
1059 1469
1510 1002
594 890
1434 1487
1442 1328
830 8
670 472
665 1435
1376 519
403 951
159 282
1613 1677
94 887
569 1113
426 1479
301 969
1373 1014
80 271
500 1101
1279 938
785 240
1500 537
1389 1075
85 21
1614 490
92 163
1560 698
825 371
856 252
332 833
720 1386
524 852
40 1423
447 1546
1743 1423
866 1574
550 1442
1246 1336
684 559
1426 973
1769 154
1011 1113
237 136
350 1439
1072 814
1795 740
1509 792
1282 1748
1709 68
685 289
1519 1207
1642 1135
1739 1190
1167 1286
400 862
1284 814
1473 441
1493 478
856 992
1055 61
1588 969
1255 1117
345 873
990 752
491 1227
437 829
742 745
448 575
1201 1418
1020 1265
148 532
1064 879
561 210
147 962
1109 735
1072 1233
137 553
956 515
1142 74
1676 156
941 1659
3 1312
679 1293
1214 1259
164 484
1643 1230
975 1200
915 1078
1288 1112
695 1452
117 285
1197 776
1159 1769
1366 23
1713 555
1540 685
1495 1253
930 879
1257 38
590 403
1086 798
410 1234
1769 494
768 1567
671 904
612 865
284 642
1167 233
124 1658
373 1414
267 557
1060 977
612 1088
1282 1789
7 1596
1495 414
1415 1094
590 951
485 1408
747 1648
345 1017
676 689
522 300
143 479
1076 1175
754 1488
201 1153
1767 1687
248 1469
572 1071
1538 763
1331 422
1699 206
778 971
1402 900
219 588
1218 30
113 183
822 1168
1251 281
1361 1115
705 1134
1245 1027
1042 158
85 664
1729 166
1161 1135
827 745
1640 1172
615 1111
1693 525
411 365
1702 374
1205 1529
1091 363
1623 1656
405 902
690 1529
584 1226
1725 249
991 660
1603 822
1100 176
1148 1647
926 1706
936 148
1386 1527
1203 943
1505 205
1384 673
1052 298
239 709
1659 1127
1798 489
1144 1084
216 356
112 312
1352 726
860 367
1673 1588
200 788
1429 210
661 549
1795 1547
817 356
229 1401
1654 1049
1791 898
824 412
437 1456
775 1307
1164 1535
167 232
1726 421
887 1014
434 396
1589 265
1775 873
1176 1291
1049 1319
940 1622
1744 1345
1377 38
946 1101
1783 48
416 806
45 702
1366 888
516 107
811 1173
29 1191
1587 139
499 8
95 288
449 1223
696 247
254 552
1083 1153
1146 1105
1373 393
1482 1298
22 189
827 1724
970 75
1316 913
1001 616
16 1060
643 63
1575 1090
1268 1426
1342 262
1781 1270
76 631
631 916
1291 488
671 1044
813 246
849 139
1279 1121
641 431
764 233
212 1092
3 1614
1602 693
1214 243
1384 657
1563 433
1471 247
1502 1167
960 1030
1450 1418
426 1550
990 467
1628 482
59 1498
326 1487
889 1681
111 1702
285 1677
1497 1526
1242 1170
543 539
1068 718
821 404
574 6
184 122
1202 211
48 489
533 549
1797 1405
573 707
1257 1627
438 593
556 316
944 468
643 324
1792 488
58 1677
683 1188
1430 1169
27 1761
306 1535
1316 101
1651 931
926 826
1024 645
601 1537
1433 1537
1756 1317
568 696
1244 507
939 218
654 1603
493 223
1028 1794
670 1608
1224 584
1404 160
1028 786
39 1032
981 1250
465 28
610 1686
204 621
546 1779
1232 1143
1507 1218
258 963
1239 461
16 1596
548 974
1670 1182
996 1720
315 1164
1200 76
1589 421
851 318
485 1586
1275 1111
782 585
1211 1435
1215 1179
811 1603
507 1118
1763 299
851 426
911 969
403 1287
1604 1341
623 787
836 1710
1691 717
517 8
1138 533
1520 742
1399 465
784 123
132 722
949 1610
1384 1537
542 80
1704 646
1604 757
813 466
548 1431
911 1571
1725 191
108 578
909 1609
504 919
202 1716
93 1651
349 1533
1082 976
1403 810
1400 1365
1374 877
491 1130
1130 1092
40 795
364 399
1232 1452
1505 593
640 86
680 619
741 470
76 176
947 1313
823 1668
1682 872
1464 1619
1282 1043
216 859
1276 516
451 581
1615 804
484 732
359 1160
178 646
719 214
196 285
1712 46
506 220
1583 1092
1225 278
1223 292
1727 352
858 312
765 1514
1508 1602
844 741
1175 640
587 1466
994 489
1627 1031
156 1790
209 1248
715 406
938 1715
1068 1640
173 1168
709 213
357 1488
853 184
1691 1415
1450 79
1194 121
62 58
397 669
1737 140
205 1210
1315 428
273 1646
490 1481
1518 1496
200 1052
1654 1512
1257 1031
1284 408
422 883
475 194
657 1433
1625 1394
725 1604
523 1578
1526 650
539 1063
378 451
564 461
1615 835
267 1412
125 1514
1414 1212
1782 1642
1785 1183
220 424
640 511
834 1776
1599 1197
448 470
513 91
633 1593
744 118
580 1590
108 896
133 1737
1111 319
1435 899
761 1073
1501 504
717 222
447 357
906 1671
777 760
235 688
413 1277
303 1741
534 1050
832 1571
1398 992
507 1021
1215 199
268 357
1779 868
144 1243
1602 1323
1300 646
1459 898
703 1776
1045 335
931 1459
24 283
1143 1333
1599 1011
1085 1646
778 620
1614 419
684 1759
1682 1548
518 64
662 1227
232 1293
1391 262
1232 1636
808 265
1159 494
844 1421
1722 1564
1674 219
543 1204
1057 174
1091 1696
267 1668
702 1407
1621 266
1024 916
1008 1102
1354 394
472 326
997 144
1604 1324
750 1011
551 185
91 532
1750 67
408 1222
1600 629
774 1591
1638 1762
996 893
653 271
1385 652
1751 1736
304 342
1007 515
1078 1783
1535 1606
88 1632
605 1116
857 1472
1561 809
1755 1469
983 1391
1483 353
936 91
1346 1483
632 1451
198 741
820 1554
884 1669
277 1318
1330 324
1726 865
688 158
1218 510
1699 1470
703 1473
1153 738
442 749
45 672
437 819
384 1228
888 547
1384 1433
579 1194
1417 1051
280 303
1040 1756
630 1569
510 4
1311 1621
1288 1159
1684 1434
610 484
913 233
172 422
1005 1086
188 424
27 686
548 1460
1021 527
147 847
1734 575
1509 823
548 1517
449 292
859 384
49 1068
1237 1751
1411 1220
1606 1014
505 834
1299 1504
1401 603
1260 230
645 1329
101 794
1668 792
718 428
1438 545
1795 1458
267 85
244 467
1099 1095
273 589
860 952
219 855
351 1367
1584 1591
85 1630
1280 37
1532 1599
625 1641
1677 405
282 521
1543 1398
869 533
782 914
1016 435
501 1174
149 1621
212 1227
1513 1478
696 939
1331 1244
397 314
839 948
459 1734
99 372
796 1262
1448 1358
1580 1747
619 1797
663 276
1593 110
1792 1291
74 711
1338 249
1001 1006
111 1373
245 671
1494 1490
1618 281
490 653
1543 108
183 1119
896 1542
636 1767
363 1481
1057 505
1308 1627
1602 1506
1485 687
872 1106
833 778
309 1109
1009 522
561 292
654 554
1048 1599
1762 205
603 1607
1257 1451
1507 1723
658 1278
675 452
1548 1106
1580 1132
1175 432
1226 1193
387 1008
677 578
1163 520
1038 56
1767 81
479 408
909 1612
177 1087
1621 1287
919 1379
1576 359
1309 562
1711 509
376 774
806 211
768 1761
584 1515
1652 1142
504 114
989 1401
940 131
566 1637
767 1228
243 190
739 1156
1703 976
1786 267
432 1232
707 582
1363 1200
1694 756
1107 80
1181 1678
234 879
1514 759
1788 1171
1695 813
1327 529
962 847
272 1734
450 122
1091 490
1744 377
1226 511
414 801
707 1124
1211 1709
911 89
692 380
639 1675
811 622
1359 246
238 378
993 834
495 762
854 1018
640 1294
202 1736
214 1377
1441 1274
1334 427
904 1044
1123 567
1375 113
1580 1565
1388 1101
1176 1096
1566 739
1791 1573
457 68
1465 748
1684 661
1609 1476
500 271
768 35
567 519
501 943
1424 1210
264 1690
113 845
562 885
1607 1658
1682 838
819 844
1047 1745
363 1696
1150 1610
28 789
998 783
1422 1771
1772 642
750 965
854 1136
1400 56
313 641
1522 1435
579 896
1073 445
676 1449
1180 427
1717 1248
930 1487
645 1624
18 1056
1536 914
1721 509
782 1202
0 654
731 540
1585 905
706 1286
953 1513
1437 1724
385 160
158 1645
197 1284
650 160
1667 1130
1741 1029
169 344
1746 1561
1253 801
1210 763
70 586
1217 294
621 1782
1543 578
1124 675
670 627
1769 1620
1515 345
1626 262
13 1290
1691 1530
1134 697
1661 1764
766 637
1325 941
162 1461
497 463
1383 1429
530 985
1024 493
305 1637
628 1427
875 323
251 71
1790 1262
530 980
1223 1429
589 1646
1102 474
981 1576
1638 205
1600 12
576 1715
611 721
1744 1267
628 866
1196 1393
1727 1712
672 428
257 1512
157 748
1390 451
976 1436
750 327
77 211
231 570
1279 1715
1544 320
1087 976
261 204
1341 1324
1259 243
1328 272
960 440
1603 960
104 281
719 1308
1727 551
1697 1757
332 1754
1777 95
1719 396
785 161
1667 1325
1235 1553
85 1756
502 1615
848 1201
1465 151
780 316
1289 1779
423 336
790 1218
1703 1087
1350 12
530 1647
643 1351
27 748
395 1724
125 954
1268 1347
1186 1500
590 149
791 884
857 341
839 22
231 361
1618 300
42 885
1107 22
96 1486
917 1003
1489 1651
767 288
1700 1317
684 1292
1616 1478
4 129
1074 480
694 795
56 1365
1495 852
861 1580
1268 431
1483 1695
1720 250
682 531
199 1462
1080 115
387 596
69 238
474 1729
469 1182
1660 155
1351 1536
983 439
519 758
1747 1545
77 806
1281 1622
819 1701
477 1730
215 891
1021 544
1482 1178
1326 394
910 959
536 1548
373 955
1153 505
517 1339
1726 307
1174 1657
1592 331
1463 452
124 1619
795 711
448 1421
73 1259
626 336
1617 1221
446 749
739 1399
690 961
1565 1004
195 391
364 918
186 1029
686 768
258 621
1340 1620
740 601
1785 659
188 102
385 201
447 1749
1574 161
1167 781
1446 1121
268 1375
238 451
38 1061
638 47
319 1312
1758 1054
982 381
881 181
66 259
1302 1200
273 1085
1507 270
1313 1453
283 181
1284 1366
1549 733
683 274
894 1293
795 1758
846 997
369 37
1640 1269
734 857
332 971
1142 221
327 1113
710 158
1572 1641
735 1393
242 843
1359 813
1510 1561
841 1124
902 807
346 194
1244 1631
611 1190
333 995
582 675
903 1619
525 1143
120 853
1048 1208
1455 570
624 1356
470 463
407 1088
639 713
1034 98
1493 1433
407 413
1278 777
1198 1185
1682 1142
483 1542
1114 587
1313 505
517 526
269 361
127 1268
897 1404
380 1144
370 1683
1560 388
1105 948
1787 319
1505 1762
449 271
1354 1228
1684 1532
619 141
653 500
1013 676
1766 1504
1169 765
1522 899
1045 993
1578 1485
52 1009
1237 1736
993 1187
424 1
812 1644
836 1137
1738 1518
744 1703
831 1077
182 1304
1504 371
1016 312
1116 1737
11 410
327 1147
972 1533
317 611
992 252
158 1767
701 1136
647 503
981 630
957 1039
1300 1347
1464 1111
473 1031
1186 410
1235 114
485 411
1041 680
1654 874
1457 618
897 700
961 758
1787 1111
345 1309
60 366
767 851
297 1044
1381 898
456 337
1240 0
16 977
1706 26
1620 1631
450 71
1454 1290
728 330
1652 221
1010 643
1620 507
570 361
196 302
547 1310
953 1015
432 1294
896 555
533 1208
657 1537
800 1470
1696 1107
1337 1053
541 1247
739 864
736 1317
339 177
734 1037
942 141
1487 119
1613 538
1466 1351
708 535
420 582
1236 1429
1525 1446
1339 8
465 1771
1209 173
100 794
1464 1787
186 479
1239 321
805 1721
615 1464
210 83
1267 1275
1410 4
743 1255
346 1456
35 1061
1587 849
1599 750
536 1295
1491 793
1740 520
1136 665
49 683
1056 283
156 1262
861 207
962 1738
800 367
181 901
386 1751
468 926
1045 834
1104 313
1129 1065
351 350
1465 711
985 753
950 654
791 236
97 185
1175 1294
192 405
694 918
818 966
227 1772
47 990
775 1320
1440 831
98 1307
522 1629
127 425
1227 1092
1578 687
968 312
1678 993
1094 2
733 1371
1088 774
117 1556
1550 273
962 843
309 735
798 1725
238 1182
845 99
748 1761
1345 1764
19 1156
1276 877
64 533
323 401
575 869
61 1051
935 170
1427 46
1685 877
639 1345
981 1319
1019 1416
865 1664
500 80
1374 410
796 1640
600 22
833 1754
280 1029
263 738
959 859
916 984
75 687
32 1735
1788 1019
1538 37
1320 1716
1181 1637
954 436
1753 1077
683 45
1575 6
1110 422
1066 624
1384 958
1277 1112
546 1402
645 1285
1224 65
493 722
1179 282
967 1419
885 1494
1661 1518
666 1086
1058 927
1189 495
1147 1016
128 1405
284 339
142 786
1226 345
1123 1564
51 965
1672 597
645 1067
1660 524
1285 1296
1655 1391
1673 969
723 882
710 820
1711 596
305 174
840 760
872 1242
1739 1113
1158 954
344 1780
726 340
584 1665
78 1095
1251 1618
376 1664
936 687
709 1191
1372 1354
135 140
529 1692
1082 1001
1464 1610
1765 1710
1575 207
947 1596
1292 1098
1745 1742
678 1412
1757 1790
51 1773
447 462
457 441
935 1793
672 702
257 154
1400 1116
851 1457
791 628
1146 839
460 399
323 1161
842 1535
1230 1642
282 1265
1292 335
38 632
796 1369
1705 525
1124 1022
1585 251
674 816
1527 651
733 477
117 302
1522 1034
1049 1250
1147 1190
64 1233
964 1762
90 1306
544 1299
219 1274
179 1799
1263 710
83 1081
316 806
52 300
1728 1489
402 1470
128 870
679 620
212 1291
1677 1553
1141 332
1387 290
7 103
607 1392
1271 1319
190 306
102 1
974 519
1697 543
1385 1267
1307 1751
1447 248
1166 149
691 231
1216 1346
1238 1783
519 143
1751 932
1172 1315
247 433
1076 1416
394 1228
1253 970
1611 1108
41 170
1636 1032
1492 1625
1340 732
801 731
450 912
576 1298
522 1568
73 920
32 489
1349 1311
284 1645
546 1558
1025 1270
1719 57
773 1635
1601 906
1570 647
1252 1197
1556 1677
231 1455
746 1772
1628 874
952 168
365 176
1152 1519
660 314
300 1568
550 475
848 1688
62 190
1367 1439
798 697
965 1075
1414 955
613 1096
1388 349
1152 1541
471 180
1299 1319
1057 1045
322 582
572 1229
376 1475
1364 222
1396 1350
130 1777
107 415
1426 1330
1054 748
516 109
1265 1182
1562 285
1638 1470
287 986
1085 31
953 1478
59 910
676 1399
1485 1448
1125 665
773 738
1408 1200
1371 1051
1206 670
1287 220
1390 648
1438 1496
1789 1516
219 1075
1702 1560
1547 1254
375 1662
1784 946
1203 60
493 1329
1657 943
1425 139
1502 794
71 122
1525 862
1540 119
1605 1546
376 1591
1140 493
419 542
140 265
1044 1435
155 330
350 1010
744 1087
1694 433
685 569
1164 306
14 960
844 198
906 180
1759 755
48 354
1783 886
1653 504
487 435
939 1694
998 923
1162 1617
1150 949
1357 479
312 435
1048 1197
655 469
172 1331
1749 1087
1138 869
430 1207
931 1321
721 1343
1138 1252
750 51
1713 1302
1736 1392
758 1503
503 1419
610 1634
132 1472
1438 897
73 864
953 226
1036 482
325 1370
1303 862
1468 214
703 441
1796 424
1237 766
1759 559
1399 1771
382 1556
1600 1350
1295 221
314 669
641 1114
1018 1473
329 1362
1417 1790
1775 975
459 409
730 1250
1636 228
712 793
1765 1137
1328 162
1315 1698
571 399
765 436
23 1233
875 1044
572 103
1558 751
208 1210
541 55
58 1235
613 1564
774 389
385 1057
710 923
1315 1385
905 251
1666 978
875 1522
57 396
810 1797
1656 780
1505 1424
845 1241
662 320
286 134
1760 746
198 470
292 210
1016 96
892 1227
1785 787
752 1305
430 1067
349 1429
707 841
309 510
537 1104
972 1785
239 540
1186 1374
1579 866
1166 1301
1242 1413
275 1405
362 313
475 54
1403 275
412 660
324 782
1565 586
1703 563
1126 309
1785 1446
379 1006
1343 325
1509 1145
1304 1348
344 740
123 44
1315 949
446 1440
1283 997
1759 245
952 367
1111 1419
1730 1096
187 777
657 1652
54 1681
1375 1488
755 559
276 143
1405 1353
67 196
625 530
229 1369
1747 1097
560 1585
242 713
472 985
79 1456
1778 957
1166 1621
126 1108
520 216
1766 527
1316 1502
757 1077
1435 1034
327 1011
1181 453
888 1145
448 1608
395 216
376 934
590 1287
29 540
454 202
128 302
358 515
105 1079
1694 1566
85 678
699 1484
1078 1028
1699 1762
276 519
335 993
936 1448
971 620
701 665
556 1185
562 76
223 1624
1719 329
837 36
1475 1584
1750 1259
104 1618
1399 920
656 737
40 1758
778 1131
740 1616
43 1335
94 129
1313 1776
270 306
653 1592
1173 440
1674 1700
1505 296
753 752
599 249
1747 1618
110 1780
1640 672
1176 1666
679 1131
338 1644
125 436
938 1646
568 1781
943 1286
1380 467
866 236
179 1134
183 1241
784 1081
1704 430
1308 729
36 429
420 6
456 1492
1768 1270
393 1215
917 375
1214 62
1206 575
543 1063
159 69
1301 1070
58 842
1518 260
1748 108
1063 186
1674 736
1000 614
576 1467
182 1745
1625 1685
516 175
456 11
1564 539
1792 613
1628 1561
607 1716
10 342
910 1395
500 1383
272 459
699 1680
39 860
1376 961
866 1712
189 356
1409 1440
62 842
1374 145
1035 419
17 327
1425 905
238 1265
918 1758
1217 935
1631 1718
804 767
1584 890
1217 711
765 1378
743 905
1203 25
528 50
738 1596
714 1171
414 334
458 526
136 594
434 1694
115 1157
320 1730
1230 1161
511 230
1612 1476
529 368
573 222
1437 859
666 466
1694 19
1614 542
812 1587
1086 644
577 1297
1513 364
464 93
1772 1605
1777 352
260 1633
1007 1635
471 1360
739 73
1514 436
545 305
339 788
1080 825
692 726
754 1008
1522 171
766 1000
530 930
635 1395
1126 735
462 268
1450 1201
597 100
1633 1496
292 290
328 899
516 1196
121 555
472 1434
379 1119
214 632
986 852
1672 1601
565 533
1783 489
1361 1719
245 261
1219 1479
947 7
631 608
760 731
1486 435
63 1351
1688 1418
1766 825
161 1729
253 8
1654 1628
647 1526
590 1621
263 773
1732 1262
1194 483
170 1793
220 1130
1586 1273
1708 1075
131 1073
991 397
4 1612
1172 1714
637 614
27 1793
664 1040
1174 25
1381 1463
1276 134
914 1202
818 573
184 674
709 1405
7 738
1184 688
656 144
948 189
231 1046
122 1588
337 1394
490 1107
240 1270
893 1725
1453 1018
1730 978
1155 190
565 1138
663 519
1650 1224
775 202
305 201
1214 1155
461 321
28 510
271 1552
1554 81
1334 527
1105 817
1780 601
819 1778
131 1622
1275 503
1381 1573
1089 1352
967 1614
961 409
434 1719
1493 1642
643 772
149 1667
1222 888
613 539
1076 553
723 677
668 734
1005 644
698 1396
15 39
454 1053
1187 1136
1760 227
1510 1512
202 607
898 1573
1421 470
1202 1088
1003 1380
542 331
1739 1147
308 851
255 1427
1021 1504
1198 556
716 1637
571 225
1104 1752
1339 253
221 225
876 255
547 651
176 1490
560 1425
377 1033
769 1009
1508 452
45 718
828 203
1099 1688
1167 706
1216 33
1023 1415
964 1037
1163 1740
153 477
275 810
663 143
1144 340
559 1187
351 735
346 437
1410 311
1378 259
297 1643
667 1117
1243 525
1025 1026
358 927
380 1213
972 659
1231 273
1492 1690
364 694
849 928
16 703
1022 1324
287 626
496 1577
1372 394
977 905
729 1567
1676 1051
620 1379
430 481
101 298
996 1639
1349 1621
573 420
391 566
25 88
1082 1436
383 1001
311 1612
665 68
1594 1215
1105 839
1532 776
145 877
1646 31
1367 1393
1090 1097
256 281
1502 913
928 667
1163 948
468 1277
1791 1459
1660 60
534 304
1731 627
1430 1451
422 732
1359 871
141 1259
3 1091
456 1394
103 1060
1793 729
816 1283
1604 1602
1085 1186
13 1190
1288 1264
1076 86
1010 63
1380 1695
930 753
375 1483
1139 1619
640 230
1779 5
107 587
1505 369
502 835
1399 790
235 227
1474 821
790 1723
621 1230
224 1641
867 506
592 1179
1336 1478
749 193
476 1229
1351 531
395 356
1239 130
1583 1722
1687 788
1752 127
952 668
776 569
492 222
603 1698
1539 649
861 1132
1047 1304
1172 428
1582 1710
1290 1050
889 459
1699 367
1700 855
716 305
823 792
902 355
766 1106
423 1655
1441 59
1584 994
1118 1299
1645 81
1224 1103
561 1332
1273 178
708 298
270 94
23 888
1079 210
1023 416
1215 592
270 1164
663 1063
1521 228
1789 901
118 708
1539 484
1450 346
204 258
200 101
237 1277
49 1297
1697 1790
62 285
972 623
1062 743
322 1575
638 33
349 105
504 1199
1085 1715
1020 469
1566 1750
492 1364
1782 343
1170 1413
1368 832
817 1344
280 229
1129 314
826 1686
1373 807
1747 52
403 506
892 212
1226 640
1025 434
1493 958
892 320
352 1356
1614 1312
915 886
1533 659
1430 402
982 480
534 1290
1607 1610
1375 1355
224 1595
415 63
1521 1333
1340 1631
142 90
215 1160
1794 489
1324 1444
95 514
1226 86
1097 1618
823 1708
1715 1298
41 1314
1509 267
1326 384
1169 954
1534 1649
484 649
272 1531
1197 651
1376 276
322 675
1376 758
727 1339
693 138
1434 119
1647 980
942 128
508 47
934 886
1155 1723
1661 999
1105 189
561 290
1532 1165
349 742
31 1467
1584 594
949 652
1267 652
789 94
1038 1179
639 242
185 1356
929 877
1518 1633
1410 458
1363 771
177 357
817 189
84 1419
966 841
1792 1564
872 74
1450 550
131 997
430 645
338 1272
434 1026
883 1402
1545 1004
1198 780
560 1060
1191 1455
1624 717
417 1078
1012 330
1431 163
1706 1264
986 523
1406 28
1464 319
881 895
1550 955
646 1207
556 77
1237 1523
1123 1063
140 469
1557 1051
423 173
1599 17
367 206
416 211
516 1348
1183 787
1701 497
1453 1776
486 580
1123 539
1194 555
695 1243
784 1282
871 246
301 1588
1238 934
333 46
1498 604
583 1271
1784 1696
850 146
1371 1055
142 1306
1475 136
1328 889
1278 731
1485 540
1019 584
11 1374
471 1671
162 448
1460 163
229 1741
1119 248
1157 359
1547 797
666 1305
277 688
685 13
1119 1755
1092 1517
1532 1540
1553 1293
1417 978
1541 646
1147 1113
372 619
126 1791
1133 109
872 1548
92 567
286 641
1699 1638
234 752
1392 614
439 1626
271 1383
1209 1168
1698 1607
674 607
1095 1205
287 60
1270 57
1697 539
565 1663
70 1565
375 353
610 1539
1204 143
707 675
1636 1521
1576 630
1370 617
1081 1043
1522 328
156 796
1560 209
679 1199
1250 480
1082 379
691 1191
895 1597
735 311
1428 623
351 1196
69 469
920 790
1043 1516
82 1724
1330 973
925 1635
1663 23
987 1649
254 25
455 864
745 862
1668 736
1631 1118
998 293
24 398
1431 1460
1367 458
6 207
1668 1389
1589 376
987 1225
411 178
1484 1633
726 1144
1580 1545
766 1548
1049 1271
1207 1656
1651 126
1497 999
1551 314
1128 1227
1225 1586
1338 805
600 1101
1056 901
151 157
594 164
537 313
1041 372
567 1063
1101 1236
240 1025
873 1017
264 1492
540 1191
1708 1674
1338 1725
1742 1109
51 1075
829 741
583 1049
432 15
747 1692
588 858
278 1541
17 776
353 72
1164 111
179 165
1770 865
1243 1452
8 1737
943 25
715 925
1110 1735
1652 225
686 1567
1083 773
720 888
784 1428
1424 724
196 62
1354 384
453 1637
573 1530
1438 1680
1316 794
1292 348
1594 374
1239 1432
471 1316
213 302
47 244
1547 1015
583 1299
145 1234
803 912
348 559
1421 575
1512 1271
1070 892
915 1238
295 621
512 1705
177 1703
761 1175
1729 1270
769 586
156 1741
629 1477
483 1581
406 773
1668 664
616 777
939 247
1371 1557
74 294
1286 60
1115 329
1410 909
6 26
1563 1013
1075 968
374 1154
1799 13
1563 1258
356 742
666 813
1620 1718
1697 156
1590 1318
162 1734
926 863
1683 1129
1017 885
371 359
1386 823
1671 913
815 1295
256 154
1018 1211
346 779
326 1165
1404 650
280 989
1382 408
1644 290
1668 1674
960 822
1693 1243
302 285
1104 134
1190 1050
1388 1223
1158 1061
446 1555
958 1433
710 636
798 10
1582 836
42 562
796 1269
1528 1084
1255 444
1065 669
87 873
1332 83
686 1761
70 1444
270 30
866 1427
315 1535
1642 958
733 1055
66 765
7 572
963 1245
610 172
1510 281
1473 68
788 1052
392 1649
1786 1692
1147 96
388 1600
133 808
374 106
1447 1469
1660 287
770 832
843 1764
1468 1143
1042 277
89 1571
288 624
1354 308
782 1536
452 1132
1071 1425
645 608
67 1259
1508 1324
1126 109
1251 1397
995 34
1688 550
417 469
876 161
1400 605
1364 966
1481 1107
633 1027
67 1214
1559 234
1678 1292
1048 1527
694 1758
730 1491
1619 21
942 619
1539 1340
507 583
464 1037
1426 63
552 88
1626 532
1759 348
1058 1229
680 329
280 186
1360 501
347 988
582 6
1593 1795
1008 1488
79 194
46 1781
1327 1322
881 398
1127 1529
820 1767
1537 571
375 72
1564 567
1036 634
784 623
1650 360
1709 171
1332 24
1141 669
1056 1043
1456 779
606 997
1186 1646
293 1687
1296 316
1485 1358
476 572
530 753
1033 541
704 1080
1000 1281
716 1181
684 1707
1699 964
1440 1604
534 908
1333 1031
1146 1163
892 1291
1610 1619
1423 151
907 595
1332 290
1787 1312
268 383
1571 360
1492 1249
622 1173
1769 256
956 331
1485 75
845 166
1098 993
686 1793
523 1069
1548 838
1177 138
1674 1075
1025 1781
1377 632
1545 1618
439 1168
910 216
1338 1720
1653 355
1653 405
149 266
1676 937
1375 1241
432 445
124 1610
109 735
1198 316
1439 526
49 1162
474 1241
611 1486
341 1611
625 1647
1000 1413
1211 665
538 1553
421 1664
755 1411
909 1733
1394 1047
1108 1555
93 857
229 1172
903 21
381 480
171 98
673 1616
1301 43
1236 742
1002 1746
1398 392
633 169
970 239
1208 1197
504 355
386 1053
253 808
1502 945
490 946
387 876
1492 1394
808 1737
185 995
502 325
1691 222
1781 218
981 730
21 1756
197 408
1651 857
305 1057
1700 1740
1741 1369
352 1066
905 928
20 246
700 201
195 545
882 1715
1701 957
121 1103
396 1362
592 106
211 413
912 1117
970 540
1666 1096
791 461
238 581
425 63
636 597
177 1749
54 779
225 795
383 1119
1129 669
498 896
460 918
1492 1261
1059 1403
945 708
607 1736
504 1560
611 217
897 385
223 722
1280 1611
1583 1517
1772 250
1728 857
160 1153
34 1710
514 1457
964 593
1334 1080
1017 1774
756 19
840 275
417 1182
1704 178
1151 979
1752 1152
924 391
705 644
1198 1296
836 1765
1042 235
1763 886
1334 825
1710 1249
518 814
1636 933
1325 424
559 799
39 168
383 183
556 585
163 519
1597 121
1382 1689
397 1129
1702 807
1726 1664
636 923
104 1746
1164 1606
785 1102
846 144
1094 926
450 803
411 76
1199 919
63 973
725 1022
1748 1516
1404 1083
1083 263
377 1526
602 1568
232 971
179 705
984 857
1437 827
1345 1570
1069 91
1550 1212
1403 1797
1007 358
1227 1291
1294 933
892 1176
1495 330
875 1643
1448 991
415 587
1289 868
218 247
1592 812
1426 643
496 1306
591 565
1789 1043
920 1155
1327 1689
1468 1308
107 1114
816 1392
1523 940
640 15
388 1462
1170 935
415 1426
1241 166
1787 3
639 880
1776 977
505 1596
765 208
979 518
1738 260
304 564
1280 1555
127 1114
1307 1716
604 1370
603 1150
69 1182
101 100
555 87
1769 1397
20 1639
1267 503
43 266
1628 381
618 955
396 19
1123 663
24 181
852 334
1546 1008
1468 473
932 1548
1448 660
1589 934
1709 853
1449 465
1670 1213
1659 1460
104 1510
1176 1792
1330 1656
77 585
335 1453
1170 1314
380 786
346 475
1257 1430
162 1421
933 1333
42 76
740 673
47 1380
1445 138
1601 293
1727 185
1072 1366
120 450
1337 1135
219 1441
1605 681
1213 786
272 591
1490 734
1748 123
1686 484
713 1345
1395 1326
1167 943
438 1037
1267 1033
916 1329
599 1711
258 295
995 218
1260 1474
600 1236
1356 34
682 612
1035 925
821 952
1373 592
1247 419
1391 91
411 1200
8 307
1579 1712
1447 1119
124 1139
1275 84
1354 767
544 241
751 1180
1487 879
751 427
1224 121
1768 434
167 1293
180 913
1201 79
391 453
728 50
528 1012
1258 689
413 389
1463 1022
1668 1412
174 505
1324 609
1117 89
1033 84
986 423
929 1685
789 30
1266 723
746 1720
570 669
720 1222
416 2
564 1239
606 1283
241 359
1292 1187
1339 682
847 418
751 704
783 1601
116 55
1318 923
1434 1165
239 1191
733 1730
975 1302
629 12
1172 603
167 971
1430 1192
274 880
452 1444
692 581
1223 105
672 1315
1057 1153
744 788
1673 911
1165 119
664 1317
808 1589
1108 1573
1525 1231
1301 266
40 1465
1278 840
1534 278
1155 315
910 859
129 605
1708 1389
1735 868
756 689
1372 804
1359 72
1321 841
146 1643
1666 1757
1702 355
1386 1145
263 476
300 1746
554 1499
1540 17
798 1338
502 1343
1671 764
937 1269
1058 1071
573 841
1489 722
699 924
1325 78
1152 1300
1667 1128
937 1195
1100 1490
1555 1341
784 1266
1087 563
1331 883
1184 246
1523 1000
1332 18
819 957
390 878
1531 64
1174 1240
1714 1698
395 1437
1386 547
1611 37
1300 1519
457 1709
0 60
1037 341
465 790
990 666
915 934
517 1476
24 1056
673 1652
95 1066
1436 1006
524 366
182 1133
40 1054
848 1418
1127 1431
1586 1704
1539 494
123 1516
1316 180
69 1265
1015 226
150 330
1661 260
481 1207
106 282
1673 89
1137 1249
1777 288
1253 414
1772 447
242 1764
1248 629
978 1051
1248 1396
1583 548
988 1644
1387 338
1656 1185
513 687
287 336
952 206
891 203
1176 320
730 793
416 863
1221 713
630 359
426 1231
523 513
1565 1132
1581 1363
733 1666
910 395
1262 1269
1540 569
1733 1014
1192 436
1181 1098
1348 175
1006 1755
1576 1120
1523 1736
988 139
478 1295
1750 1362
378 581
364 225
1403 942
75 540
446 193
1509 1648
1563 247
263 7
447 177
1141 361
566 201
1442 1529
527 825
464 964
114 355
295 1642
107 1196
648 1089
1168 262
470 1608
1323 138
1475 774
1174 1203
370 532
1578 75
1748 44
933 1032
1507 30
328 454
722 1472
1238 1591
759 724
615 652
55 773
1684 1165
811 440
1431 690
1679 24
1738 1633
45 880
393 1179
1005 752
1313 1596
1256 129
213 1405
1465 170
1357 1327
3 363
58 405
1664 934
982 1250
838 294
473 1627
689 455
660 570
157 1761
488 1564
1603 1209
1679 1272
725 1508
1772 1546
1779 751
1692 557
73 1214
1073 432
604 1326
476 103
246 688
1691 558
626 423
756 455
591 1531
1118 527
273 938
595 26
712 828
959 384
1195 1188
1099 424
936 412
242 1345
1097 1397
310 1224
922 521
944 1088
714 137
250 681
591 409
854 1125
1059 840
812 1387
1595 508
1305 466
1657 254
1679 444
1175 86
1266 44
1524 470
1358 1455
1672 471
159 1390
265 934
1045 174
1349 1420
1476 8
1304 1598
1672 293
767 394
1133 1126
475 779
976 379
761 737
1574 240
1285 717
1761 1567
1737 421
438 341
202 1307
229 1714
1263 998
34 247
338 1332
721 502
780 717
920 1723
627 985
686 729
1146 948
209 1600
30 4
700 160
625 508
1496 650
1541 1519
1722 92
234 705
1381 725
1733 1400
213 1613
860 800
1575 443
1225 1649
1401 368
526 830
9 1149
1681 1421
1094 595
1680 566
1547 953
169 1782
826 1277
584 1103
1145 1310
805 191
462 1008
1066 1582
1756 1696
465 1218
606 816
93 734
147 242
93 438
1179 1020
1788 137
199 282
862 1479
743 450
1293 919
18 1043
723 787
1159 1251
187 1059
323 899
1133 1348
728 658
105 1429
953 1246
638 1380
1598 1109
1413 1705
184 1320
1404 773
274 639
1253 75
1716 1736
316 558
486 1042
1673 122
868 1402
1660 1286
1253 334
392 1408
1363 485
397 570
351 1393
343 1780
1279 1443
1615 1370
770 89
93 341
565 869
895 1093
589 1186
1110 546
974 163
731 1480
691 1353
449 1552
941 1583
248 1115
146 621
219 968
290 1272
723 1178
1448 687
749 831
308 400
1547 1458
715 55
772 914
1464 903
701 1435
31 1234
1777 617
1498 1395
492 717
14 440
1260 511
103 1229
1344 189
1616 571
1689 1509
235 820
1604 609
1322 747
560 905
521 451
677 1178
1336 399
1219 1525
1676 1262
1242 294
1759 799
1248 1350
704 900
539 303
1342 91
398 832
588 1274
1325 1130
1310 1389
1512 1561
818 222
423 1391
44 1178
218 1026
1228 1457
1076 1226
512 1468
1572 837
1139 903
1031 1451
74 838
223 132
694 225
401 1337
1454 342
270 1723
275 128
674 1716
967 1312
1106 1413
354 422
1347 1207
74 1217
1128 212
70 1323
1713 771
318 618
941 78
1035 515
1269 1369
338 290
315 190
425 1623
676 1771
572 560
985 1487
1750 1156
1065 1754
1217 1465
1646 410
1700 736
1708 51
1353 1046
1654 1561
1426 1623
1538 442
544 981
1516 108
1261 1449
274 713
643 973
1208 547
1375 474
1585 441
1356 1765
1713 1775
1578 334
930 234
433 19
670 326
648 451
1101 1383
134 641
1271 874
1319 630
929 1348
82 742
1035 1247
989 479
1502 233
1796 102
1002 1628
1417 1676
612 1202
207 443
20 813
648 521
512 525
1615 617
808 140
29 691
1166 43
29 991
295 1782
1749 357
1674 855
1353 1613
1344 742
155 366
1133 1304
23 1048
1040 1146
344 1384
1441 1740
1397 154
980 244
299 1213
956 358
716 453
1679 667
711 170
740 953
467 813
179 879
1090 1747
415 1114
382 538
252 1649
145 362
827 1303
672 1675
1037 593
296 1538
311 526
323 1230
850 963
130 551
994 1110
317 1290
435 325
1550 1414
975 42
1478 399
950 1632
1651 1472
616 1006
1384 601
423 983
611 1343
269 332
1292 993
1355 474
355 698
1284 1503
1085 938
1128 1130
233 706
962 418
1739 13
476 1058
1574 46
851 618
1363 975
1687 100
1279 1085
194 779
1398 1542
1049 874
141 870
1417 1697
458 1612
5 1577
454 1307
1549 477
139 928
1599 776
999 1496
967 419
508 1559
195 924
1707 1098
223 1364
1398 578
1410 510
990 244
870 1562
802 938
870 302
401 1230
1079 18
1369 1714
994 32
1215 159
1301 662
1455 1046
1170 1705
723 1443
840 731
52 1545
1232 1333
468 863
173 1391
1461 1531
82 745
1500 362
1039 837
1714 368
230 1774
944 413
473 1143
1513 571
989 1029
1367 526
304 884
1587 988
837 1641
106 1462
1502 706
107 175
648 378
325 835
803 1673
990 1305
821 168
96 312
804 617
1624 1364
921 1297
1595 33
787 1443
446 831
457 390
10 191
249 509
438 126
147 713
616 50
154 1718
1689 1692
0 25
128 1797
17 569
986 366
286 1114
684 755
1239 835
294 41
1593 344
171 1034
964 206
454 386
1693 1705
403 867
32 1289
266 491
1774 168
576 31
165 1134
1454 697
1362 141
1123 543
944 1202
1382 1222
856 1467
1258 1690
717 558
1360 1671
1635 927
142 1528
120 390
574 907
1333 228
198 1524
1277 1634
490 542
1415 907
871 1184
368 1692
1700 1146
1110 1331
827 862
845 1361
130 1727
1194 896
531 307
1666 613
1788 360
433 689
1752 278
512 1314
659 623
1470 1762
894 1501
1148 1641
404 464
1543 896
649 1631
1131 1379
230 1032
72 277
639 702
259 208
1023 806
1550 802
1686 494
1603 1632
750 1773
1069 1342
84 503
550 889
444 667
304 908
420 322
1322 368
1461 1734
1637 174
1489 857
538 232
1152 1268
674 1588
73 1156
1416 1193
903 319
1079 1081
1184 1639
897 160
1013 1261
980 753
1406 1126
445 1452
1014 592
1276 286
336 1655
1266 1748
109 1196
438 1611
1418 194
198 1148
1655 513
594 422
1382 1648
97 696
1453 834
290 83
171 775
94 1256
91 412
1178 578
1595 429
1693 695
456 1249
1424 763
1543 1542
1312 419
1617 880
1406 1109
756 676
52 1004
800 1699
1378 1424
979 1284
1074 381
1498 635
1244 9
426 318
261 1220
1498 1372
1557 61
1592 347
1786 678
890 354
514 1550
661 326
42 176
1615 130
261 850
367 1470
1675 1385
903 1630
545 201
1023 558
1663 1233
1032 168
1507 790
212 1583
1062 849
828 793
131 1243
1281 1705
689 1422
1318 158
1060 1425
235 291
407 237
1791 1409
301 1283
388 199
1171 737
1165 776
1585 977
1288 494
1152 278
1064 1799
1357 747
1475 1591
1240 254
625 429
195 716
925 515
970 801
712 1569
449 1383
849 1255
947 505
1313 834
1090 26
198 463
1040 1317
420 907
1385 1407
898 1124
1138 661
268 183
723 44
984 722
834 1125
1796 1
861 675
389 890
223 1329
1747 1251
269 894
335 1125
1733 605
829 1421
881 1368
331 271
677 44
952 464
597 293
1332 1272
1688 1127
558 2
1403 372
657 1295
111 807
417 1763
1280 1409
1437 400
743 912
481 780
135 1365
599 1605
1234 877
268 563
1366 720
1278 760
309 1367
52 104
1048 651
853 1320
157 768
262 532
196 117
1342 1391
66 1192
486 277
1482 578
1768 57
1175 737
1799 1134
217 487
714 1283
1360 913
907 6
1494 668
589 337
1626 370
1694 396
1028 1213
937 1262
1205 889
794 298
258 1782
934 1591
1653 902
1788 553
1692 1658
1070 662
1666 1730
1589 915
638 917
702 1345
803 1117
1710 1258
965 1773
1109 510
572 1060
1569 793
676 455
464 206
789 4
1593 343
1461 869
308 1228
1133 1598
1251 256
1488 474
1051 1790
1232 473
344 601
205 369
1480 1405
1300 1541
1518 999
1222 1648
272 409
611 1050
201 174
1622 1243
680 1750
928 912
36 1216
166 57
1176 1730
959 1326
1141 1065
458 311
182 1047
955 1212
426 802
1566 396
1786 557
1721 1711
633 1245
455 1771
1042 710
690 459
1704 1024
942 67
694 40
577 1195
1602 1324
1431 1529
1075 855
116 1404
1319 1250
1450 194
679 919
150 1012
11 1394
804 1370
1477 1189
444 1117
579 498
175 1114
1627 632
577 49
564 1432
833 971
589 410
1726 1770
1595 1216
1508 70
193 831
1278 801
946 500
66 1638
535 155
978 1757
68 1034
1520 745
1194 65
427 825
1212 337
281 1512
821 1494
1099 1659
1327 747
1188 718
1242 1217
1371 61
370 1551
1344 356
603 1714
1009 1568
818 1364
1520 972
1558 1180
349 1236
47 1003
990 1005
405 114
703 977
1615 325
966 898
950 622
252 313
111 1535
419 515
386 932
1009 602
597 180
653 80
307 421
983 1342
1240 25
3 319
1672 906
1530 582
1151 758
556 1023
270 1256
546 1735
1716 816
724 763
1110 883
594 1110
1090 1159
1565 769
1648 557
1669 236
544 630
1343 1432
462 1546
1420 1621
1151 591
182 1598
851 514
214 1308
1569 1160
1675 1345
1105 22
60 554
1372 604
579 108
293 180
1638 1378
1694 1026
1557 1732
725 1341
1792 1722
696 995
654 1632
1579 236
622 1632
499 1116
852 1655
1743 918
664 736
1609 499
1419 1312
595 1112
1192 259
1213 340
1154 1350
1068 1269
1038 135
364 571
1127 1460
133 135
1558 1149
12 1189
18 1081
632 1061
1284 1222
1225 1541
1474 1494
848 102
657 1682
836 264
1559 990
1471 1258
133 1116
1702 1594
81 788
1298 1467
195 1680
1496 700
1313 16
578 1122
792 1412
1042 688
411 1704
983 173
1142 225
680 942
798 644
695 1468
264 1710
1482 856
561 83
770 1368
177 268
480 793
1565 52
858 1498
885 176
1596 1060
33 244
545 566
827 400
1166 266
517 830
842 405
1110 354
139 152
1253 1578
1773 96
1256 1606
811 1632
1114 425
289 317
868 1577
110 1458
297 53
989 1322
935 1314
708 528
1164 1256
1365 140
128 196
710 1318
1449 1406
770 1117
112 1016
1572 497
1431 961
720 1648
805 599
746 250
1603 1499
489 1735
1315 1150
798 893
1266 787
1520 1303
1706 1288
1005 1305
15 1636
401 1493
1149 1180
1063 143
481 1198
690 272
1698 949
346 79
269 232
1661 377
730 712
767 95
909 129
231 269
1170 41
730 480
1120 215
432 933
1349 1511
1532 549
926 1112
279 955
921 1732
1112 1264
313 278
1255 912
200 744
1630 21
1209 1499
199 1390
472 627
1231 1121
560 1062
591 1072
917 1346
871 688
1662 277
642 1749
761 656
548 92
479 1322
1193 873
581 762
435 604
1296 1023
884 461
285 842
424 78
99 1041
1303 659
1689 1786
39 230
1720 249
1282 1516
1377 1061
719 729
506 188
1113 1190
440 822
54 829
1499 822
1703 1082
1581 987
509 1669
979 758
713 843
10 805
301 606
1544 1549
1242 41
1297 1162
1058 347
1050 908
532 1551
247 1258
626 554
328 98
1630 1091
1398 1122
499 1737
1251 1097
1042 1318
1130 78
127 431
1172 1369
997 1622
1268 1623
1184 235
1566 1156
1390 521
487 325
575 1608
1310 965
1744 1570
712 215
1640 718
501 1167
221 838
1086 466
807 592
1666 1417
982 874
1106 294
1074 1491
1323 1444
460 1743
366 336
1469 760
395 859
1365 1020
1449 1742
739 455
1368 1093
2 863
1423 1758
754 1102
1501 679
805 1725
912 122
858 604
304 1721
1195 1269
1030 439
1501 114
1422 1745
1492 1047
1632 440
1766 115
1066 279
289 13
824 1551
93 1037
733 978
1309 42
1198 1656
772 782
1061 954
979 1503
1288 1686
1094 574
1638 1505
1561 874
20 996
1448 412
501 233
1463 861
1592 1552
204 963
992 1122
131 1693
101 945
1344 1236
386 1237
65 1515
1282 123
1251 104
70 452
1662 580
304 191
1292 559
515 331
789 1410
37 193
1269 718
1238 1584
1458 1015
1463 1508
1553 114
1437 308
385 1083
861 452
1640 428
1190 1486
1387 292
979 1072
83 283
184 1673
1270 1026
1764 647
502 1239
683 880
1224 1665
605 56
854 665
124 1607
1456 1778
765 259
28 1218
151 748
1721 191
1072 518
1032 228
1415 558
148 91
224 625
1309 1474
99 1469
1462 521
227 291
859 1724
385 1153
295 169
348 1136
1506 1445
1 1418
1296 780
1412 1756
168 668
770 911
769 138
1625 182
941 1130
1395 859
418 1484
499 253
148 370
627 326
1495 334
447 642
1406 1742
756 433
324 1536
945 794
1000 637
945 298
917 1695
1170 512
1554 1687
955 1137
708 1012
378 692
1602 609
355 374
710 1767
1785 623
716 566
1733 129
1361 329
1701 1039
1140 984
1424 1538
1417 1757
917 1483
192 902
1439 517
579 1516
922 1189
1760 250
358 331
1062 928
935 41
496 5
187 1755
607 1523
1276 175
1738 418
1594 807
1169 1192
1296 1691
1066 373
1272 398
613 1697
256 1397
1757 539
1420 951
169 1493
215 203
612 914
654 626
457 120
1653 114
964 1505
358 1592
956 542
469 1763
897 650
1375 183
1355 845
72 246
593 369
476 927
858 435
322 207
98 1053
911 1788
781 155
1078 886
24 881
245 799
628 876
387 1102
245 1220
805 249
911 714
951 506
930 985
1679 398
1136 1044
1578 513
361 232
174 993
1219 400
1670 692
241 1576
1632 1499
1149 1118
589 11
950 811
1775 87
754 785
1503 814
956 419
487 604
1284 1382
776 1011
1126 1109
378 762
1439 727
642 1546
429 33
53 1643
1743 1758
537 1467
799 904
1282 1081
150 728
1132 586
657 221
1649 278
724 1210
1228 318
99 1059
1432 461
1794 786
701 1044
135 1020
228 367
600 189
1538 446
65 555
895 181
709 691
623 123
708 150
275 709
1147 611
777 801
576 1500
875 1435
565 1531
676 1422
261 904
276 758
613 1123
1252 1208
120 251
1046 538
987 1273
616 187
360 553
682 865
1246 1478
1164 887
1784 1105
1172 1698
687 1358
393 56
35 1567
1010 1351
1337 815
287 366
937 1068
1012 50
1461 1206
887 1373
310 1194
59 520
1337 478
1171 1076
475 1328
428 1407
50 777
1127 1442
872 294
1371 1417
866 46
1797 870
697 342
375 1359
1704 631
1711 255
1066 1356
1223 210
1025 218
585 806
986 1655
404 1494
1263 1590
1723 30
398 181
1658 1619
886 1798
214 729
690 409
775 878
740 1780
280 1741
615 1610
698 1154
796 1741
319 363
701 1211
1439 830
652 503
1289 90
1599 651
1676 1790
1224 1597
716 391
1362 1156
1636 1333
1083 738
1572 1039
404 668
844 829
1071 1229
255 1102
1708 965
303 186
226 1478
894 538
133 1365
1795 1015
991 231
983 1168
821 1774
197 1503
932 637
1361 166
1327 368
1235 1653
1695 72
1022 452
1549 1730
1188 880
1591 48
1652 571
80 1101
1 1095
1748 579
1461 565
454 98
1576 1569
1033 1526
754 474
1003 666
871 72
1491 828
743 251
66 1470
922 12
261 297
1232 933
29 1455
682 307
88 554
945 535
84 967
828 891
339 1749
658 50
119 1799
1038 1020
1199 698
1471 1563
348 1187
1064 119
1554 788
654 1499
1719 1566
1412 736
1708 1310
909 605
1649 1273
725 1324
97 1356
849 1679
779 1681
1630 1756
127 415
105 210
1181 684
601 1616
1385 615
1410 1612
0 88
1150 1607
1296 717
872 838
767 1457
20 466
33 1380
1515 1103
467 1305
529 1658
1235 405
258 633
1245 1782
30 1256
762 340
1059 372
528 1436
1225 1273
296 37
655 1763
301 714
1639 1720
616 658
338 152
543 186
1083 947
987 392
1312 1481
1663 533
849 667
279 1765
568 995
682 914
941 1092
240 1729
915 265
169 343
507 1299
555 771
1086 893
568 218
200 1687
1151 409
1547 226
1376 1151
169 958
694 1743
1335 153
699 1438
373 1765
1099 78
28 1742
578 1542
1031 402
982 1074
1332 283
242 1661
339 81
165 697
1585 120
196 870
1537 221
382 1353
145 134
1137 337
274 1221
1442 1205
1041 619
330 852
1493 1135
866 333
548 163
1390 282
1582 1471
628 236
1386 1310
543 303
420 574
1349 1166
1463 675
417 1670
1584 48
1717 1396
437 54
1691 573
1033 503
935 719
476 1635
1650 1665
1467 252
1152 431
1186 31
1659 548
1563 756
1706 1112
819 829
39 1774
1654 1271
845 248
18 283
1090 1264
1583 92
1183 1446
1246 226
445 1294
1629 1036
27 170
1560 374
1199 1379
715 1247
1441 1163
494 649
1554 200
1358 660
944 211
442 763
71 1320
5 704
159 1265
148 1551
1069 513
1157 371
1619 319
1556 894
1079 1428
727 531
1024 1329
468 237
1199 1717
946 600
874 1250
241 371
481 1656
51 968
1525 1121
297 146
975 562
869 661
1272 283
1784 22
875 899
772 531
936 513
1275 1419
840 239
1122 392
549 1165
674 301
703 457
1458 1254
229 1029
187 760
44 108
1177 598
1597 1665
1568 634
1013 1690
772 1351
1177 602
789 510
478 657
1219 318
1520 1533
1056 895
863 595
508 244
1002 1036
7 16
677 1482
308 384
636 1554
426 618
1432 835
324 973
675 207
1331 732
1206 869
771 1408
54 844
568 1025
924 1680
1576 712
529 1607
638 1346
951 1287
1342 1626
472 1487
1019 360
900 427
862 1446
37 1555
1263 783
334 513
1171 553
1357 1322
901 498
633 343
1404 406
1431 1376
1434 326
876 1427
1409 725
1029 1714
1447 99
512 1308
1598 109
1368 1571
153 320
1094 863
231 1141
536 766
1445 693
406 55
1238 48
901 1597
1121 1443
745 659
1491 480
416 468
1275 1787
336 173
67 1562
471 913
1314 1793
1220 850
772 682
1366 1233
1134 1290
126 1459
1094 907
1744 647
782 77
1471 264
970 1485
9 1021
1025 939
222 841
1476 1116
996 1760
1774 1494
152 1272
15 1032
1442 690
9 1180
86 1294
835 321
1186 1234
9 527
55 925
1379 1396
1722 974
1600 1154
975 76
1388 1383
781 706
1347 1656
358 347
62 1562
580 277
1603 440
1354 1326
666 20
939 1563
335 834
1014 56
224 837
1527 547
1034 878
17 1011
1513 399
1390 1265
1590 783
1523 614
23 1208
82 827
1370 394
149 1287
709 1353
931 966
707 322
11 1685
1795 110
1549 1176
1406 1598
1131 620
42 1100
169 1642
514 373
1501 1293
854 701
428 1698
1555 831
35 1158
1033 116
1544 153
1579 461
136 164
328 1053
1048 547
27 157
1007 927
309 1410
1373 1594
1680 700
1053 1751
522 1746
1158 125
291 250
347 1552
1557 577
756 739
512 719
685 119
1334 1180
564 791
958 601
1181 1707
483 1713
681 1546
1175 445
871 277
283 1043
1651 341
1609 1116
112 968
1645 642
21 363
1663 1208
1588 816
1035 1007
1171 656
1440 1753
333 1712
1140 176
1009 598
1451 1192
1682 221
796 229
263 103
947 1153
356 1724
1586 1300
962 1661
1030 822
948 216
1053 815
1263 1318
815 932
785 1729
65 1713
386 815
1317 1740
77 944
1126 351
78 1517
407 1475
1268 1519
1497 897
573 582
450 184
59 1274
499 1476
10 697
1579 1727
234 753
281 1746
931 1472
175 1196
1100 1140
165 798
1540 776
1630 1040
328 1161
16 560
1733 56
1429 1533
781 1660
1581 1408
1027 343
1457 279
1678 174
1237 932
646 608
483 896
1321 1124
1644 152
848 1450
53 323
1347 481
264 1013
860 228
1634 1686
1524 1608
434 1270
1628 809
94 30
1418 1205
691 382
1650 1597
167 778
992 392
450 251
1768 1361
989 186
1779 900
284 1749
1544 1335
181 1093
664 1412
478 1135
1440 1341
166 1115
1223 561
671 701
986 336
380 142
500 1388
853 71
321 1712
1348 109
1285 780
843 260
206 1037
1252 549
636 293
1290 342
116 1526
1405 302
511 1017
1596 1776
1018 1125
521 1189
1554 339
1143 1627
406 263
1558 883
1289 1306
1367 735
289 1799
882 1178
117 1613
537 252
240 1781
1184 291
238 1670
1398 1581
456 1137
284 81
1662 353
365 1024
1086 996
1204 479
1206 1138
95 624
746 249
537 1534
1549 320
1036 809
979 814
1733 393
1116 1365
263 1635
1121 938
135 69
1150 615
1115 372
492 1691
883 1149
87 1302
910 520
982 730
1185 585
1311 43
305 1678
1268 425
890 164
224 36
494 1397
176 916
715 541
18 83
1433 1295
1160 203
1414 337
812 1552
803 770
1355 1768
136 389
407 774
692 762
1023 2
950 552
204 850
1076 737
276 197
574 1575
77 1202
794 706
1381 1124
557 678
757 1506
1262 1741
1288 1539
1794 90
1480 1191
720 1145
159 1020
1244 732
793 203
760 810
1329 722
1713 87
1678 1637
992 987
156 280
1211 1522
1355 1241
826 1634
1474 885
998 1601
1770 774
1321 898
1252 533
1777 551
1339 307
1231 1279
170 748
1342 532
926 595
1156 1259
1104 286
1558 9
804 394
732 1149
224 429
846 761
1559 980
403 1667
1002 809
239 29
1407 949
1540 1165
969 137
671 1136
1211 1034
264 1258
1368 360
655 417
1274 520
1013 1258
171 1307
1234 362
451 495
1609 1400
1594 106
1055 978
46 995
210 1428
1605 387
1400 1038
339 1087
818 841
1659 78
1204 989
860 168
1775 1309
1608 627
1385 949
305 566
1040 1784
1595 638
333 97
718 702
1648 1145
1663 64
781 535
466 1639
1057 201
950 88
1009 300
204 146
1127 1205
673 601
1531 869
1775 562
975 411
127 641
1521 1031
1360 1502
1454 1134
860 1032
1169 125
1019 1665
260 999
1484 924
1378 205
1088 413
1163 216
699 1633
1527 1708
1209 983
348 671
1593 1027
1215 282
150 535
333 185
257 1718
596 1008
206 1762
617 288
1508 1022
86 511
963 621
453 1707
1229 988
348 854
498 121
1007 925
375 1695
383 113
1091 1481
1482 1398
67 141
1719 680
812 347
1500 1234
1746 634
1401 1714
937 796
1386 888
342 191
1266 123
1331 1558
863 1277
372 810
275 1797
1297 1195
1674 1389
118 1436
1128 941
1650 1093
1559 752
553 1416
739 19
241 1504
1453 1473
1092 488
769 598
881 832
1453 1125
1529 961
643 1536
81 1749
1436 1012
1685 1304
1070 491
256 257
213 1353
361 1754
394 288
180 100
296 1611
1323 1445
608 1329
1135 1433
614 1413
1753 831
1194 498
265 1763
1339 531
1565 1545
540 1358
1574 568
1183 1121
269 538
317 13
365 631
1244 1149
1082 1006
1281 1413
769 1004
1127 1095
568 46
227 284
1010 727
1401 1327
49 1188
944 407
625 980
574 595
1539 1686
1001 1447
1552 1644
1525 1479
727 830
537 362
931 898
47 467
53 1230
1360 233
1738 1484
384 400
94 909
318 1479
663 567
1209 822
202 1751
996 466
507 1631
599 509
1620 649
1278 970
1352 762
341 1459
118 1082
330 414
873 562
499 133
1261 1047
1755 777
895 310
1148 463
473 1521
120 71
1528 1306
728 414
1146 1317
886 48
1490 984
817 216
1368 1650
420 1530
1498 959
957 741
15 933
69 417
1265 451
393 1038
1440 1077
239 731
969 1283
1587 338
558 1530
1035 956
1240 552
1489 132
1090 443
190 842
520 1395
191 509
1374 1685
1652 1537
23 547
1514 208
402 1192
104 522
1010 1466
820 284
1788 1571
1633 1680
1018 665
3 1481
1501 919
222 1530
493 916
1731 985
800 66
923 293
952 1699
820 1645
32 868
737 445
145 1276
1524 670
968 1274
719 686
217 1343
53 295
28 309
1005 165
1798 786
560 977
708 1436
38 1169
658 801
737 86
882 1443
1003 1359
1337 1161
276 1503
525 1308
908 884
840 810
848 1
1524 1731
324 585
301 816
1688 1
1068 45
1301 1544
856 1122
401 1161
449 1387
192 111
1325 1099
1260 39
681 596
1255 667
1404 55
959 1395
536 815
1159 1097
1000 1106
1340 484
1622 1705
1359 20
471 906
1059 810
1028 380
312 635
1071 1587
800 228
1167 1203
508 429
987 1408
846 1283
1006 50
1608 661
1508 1444
388 106
489 90
1427 161
1787 1419
1518 1438
365 76
1785 1266
1600 1462
472 930
1281 614
509 596
441 251
602 1629
853 878
659 1446
171 878
528 728
1021 1299
1135 815
1346 1380
668 206
1128 491
1419 1247
1005 705
1544 892
327 112
67 870
854 1187
1263 923
797 226
1252 1048
686 1377
11 337
1301 1335
22 1101
352 185
791 1579
636 1687
130 321
1523 1392
628 255
800 402
1728 93
927 1229
132 931
1736 637
1204 186
296 593
444 398
1238 886
1174 943
1731 1647
1526 541
812 988
457 1473
1557 1676
1434 1540
9 1334
1059 760
187 1278
236 1427
823 1310
273 1212
1306 1577
1151 961
1347 1623
357 563
1576 1160
1507 789
1072 1663
946 1107
53 621
1085 576
1280 446
211 863
1315 1407
327 1773
1183 1279
1759 1411
1462 12
673 571
286 175
1675 1570
1337 386
135 469
1393 526
400 318
148 412
1024 608
894 232
701 875
487 1372
741 497
1255 928
295 401
315 192
1067 780
1711 1669
1705 1314
389 1634
269 1046
1760 291
116 650
565 64
715 1035
442 193
738 103
204 53
1409 1341
1073 1243
199 922
522 1002
653 331
465 1742
846 131
1534 1225
1010 587
1341 1077
652 1111
1661 843
1454 534
485 1273
1070 1227
1519 1623
628 1669
485 1200
483 771
1113 96
728 1012
353 580
17 1739
297 875
199 106
1727 333
416 1094
1401 1029
257 1654
1510 1654
1573 1341
1582 1765
849 152
1018 68
557 792
382 1046
783 923
390 71
258 1245
514 279
663 1204
550 1418
171 454
1501 1553
673 1537
1506 609
1305 644
1139 85
1058 988
1303 1446
1067 1624
1049 981
802 1212
90 868
1285 1067
856 1298
118 976
492 1624
317 1190
879 705
1693 1622
667 398
130 835
1497 650
1376 163
690 1151
1511 1420
358 1058
132 966
684 1098
1794 142
431 425
1731 530
763 193
1614 956
1602 1444
1040 1696
1235 1501
1605 1008
105 972
1511 1311
899 98
1665 1416
1328 1734
142 1084
1021 1118
799 1136
1338 893
1330 1185
259 205
1500 31
1128 1092
443 1545
1675 1407
1122 252
1193 511
597 1687
1140 1490
785 474
335 1187
746 681
25 60
343 958
1275 652
1147 1486
892 662
184 71
714 969
112 588
177 563
1662 72
1026 433
1659 1095
536 1682
1033 647
458 1476
1585 743
1690 1422
1442 459
1105 600
797 1246
350 1393
1220 904
1752 313
1688 1095
1530 907
1289 496
132 1364
607 816
114 919
308 1219
487 1615
974 663
184 1588
1091 1784
161 1781
1734 1531
39 821
481 1067
1728 734
1750 73
1214 190
1374 1234
1587 1644
235 1645
844 470
871 1042
20 1184
165 644
572 1425
1542 392
1724 400
1091 1107
1731 463
340 1084
685 1739
308 318
1689 747
227 1645
1479 802
876 1574
1235 1677
609 693
1215 106
1718 1299
1103 87
598 1568
750 651
1133 516
1735 883
895 1650
1021 1766
599 681
1066 1765
596 255
488 92
197 143
1071 988
45 1188
1724 745
1013 689
1411 799
1574 1427
362 134
1155 306
1667 1287
373 836
1778 829
1038 1365
84 715
725 1573
1283 656
214 1627
929 1133
1670 581
253 421
1468 525
564 884
68 390
1639 291
1770 1664
1625 1304
237 413
1366 814
465 1507
1142 838
1043 901
658 414
1688 1205
1378 1210
1791 1108
574 26
409 518
1559 244
887 1733
967 1035
1148 1731
154 1512
486 1318
406 1635
1663 1252
1018 457
1766 241
1426 425
882 576
309 311
253 1726
272 1461
1289 1577
678 21
1325 220
165 1454
1779 1402
1518 1497
1145 792
1697 303
867 424
1169 1451
387 754
1651 1459
1078 1763
1070 1128
1506 693
1080 427
337 410
607 606
217 1486
51 219
664 1756
613 1757
1497 116
1402 1180
672 1407
18 1282
576 856
602 598
249 681
516 351
771 1302
1752 641
811 14
1182 299
1438 700
214 1257
1249 1394
1414 456
1062 139
1221 847
1500 145
942 870
473 1257
696 1471
1394 1685
240 161
1667 491
163 961
1203 1660
1064 179
696 34
1295 1548
510 311
801 75
53 146
1488 183
876 785
929 1304
1475 389
970 731
655 915
1104 641
1039 497
143 1503
321 551
441 390
1352 495
817 948
306 1256
382 1613
830 531
1775 1302
236 1712
779 829
1138 549
198 497
523 1655
699 195
406 1007
244 752
245 904
732 1631
1357 408
998 636
1658 678
1689 557
1789 310
1321 707
1709 878
1052 976
1100 404
1078 299
1748 677
310 1597
1001 1119
1004 300
1684 549
17 1113
458 517
97 995
464 668
1359 1695
26 443
1339 830
1117 832
956 653
1051 1732
117 58
1089 1189
1750 141
1670 299
345 1260
1760 1639
1112 1686
1776 1473
462 754
483 555
332 232
1629 1568
1703 383
1428 1081
1026 396
714 846
1331 1149
112 96
1040 839
1361 57
1527 750
1320 1588
1731 472
84 541
600 1344
1068 1188
296 369
588 968
111 1606
1437 384
1378 759
1079 83
624 279
482 1074
62 315
1558 1402
1689 1648
149 1070
1728 984
962 260
2 907
545 1680
251 912
1430 66
1762 593
473 1333
720 1509
1766 371
1477 1089
1357 1382
1171 137
1495 523
1744 1764
1468 1627
298 1436
1604 1077
58 192
70 1132
444 832
1722 488
1442 889
867 1325
378 495
1401 1322
1489 984
237 826
680 141
1007 476
100 1052
345 1193
149 491
493 1489
1071 139
1701 741
722 1364
544 1504
167 679
629 1350
909 4
1563 689
1217 170
752 705
1582 34
765 1192
1474 1017
1605 596
1669 255
1635 103
517 499
1504 630
268 1488
879 1799
1594 388
1291 1096
1477 12
1449 1771
1784 839
10 304
1148 625
196 1562
999 1526
953 1616
1538 193
1126 1598
808 655
430 608
1595 36
658 777
881 1093
973 1536
1415 2
58 285
1747 443
404 1490
1203 0
644 697
941 1517
1574 1781
16 1776
49 1195
162 1681
1667 220
478 1433
329 619
1368 1788
838 795
159 1179
84 1247
7 1060
1019 553
1261 1422
302 1613
468 211
653 542
824 397
1233 888
855 1274
1280 1108
1470 259
160 773
1701 198
786 1084
1465 27
1146 1740
1303 1785
1084 1306
1707 755
352 97
1789 579
1030 1168
959 1437
409 1531
317 1050
1103 1193
1264 494
1664 774
1104 362
781 150
199 521
791 1669
751 1334
654 88
437 779
388 374
649 154
603 368
1670 1028
1070 266
586 138
1174 254
1296 558
691 1046
945 706
1139 21
1653 1702
89 969
989 1357
172 164
1132 1545
112 1773
310 498
1003 467
477 1055
524 986
1652 364
61 921
1723 306
851 1228
1071 1062
1726 1589
373 1137
1038 159
994 48
383 563
228 402
809 381
1414 589
672 718
1408 1273
200 100
1754 971
1517 1460
824 660
1182 581
1481 542
899 1161
1372 1370
1454 10
327 96
1247 925
1703 379
345 511
368 1607
1342 148
151 1054
365 916
1444 693
482 809
111 902
581 1213
1407 1570
1796 848
929 1276
817 395
1409 1108
514 618
1309 885
897 1496
577 921
1515 87
492 818
1683 314
438 296
781 1286
342 908
276 979
294 711
448 1206
626 173
1790 303
104 300
1372 1326
1581 771
202 1237
556 806
1768 166
126 341
1465 1054
1575 1580
1550 618
1328 459
823 1389
481 1285
150 155
1004 598
172 732
137 656
931 1791
536 932
239 1480
242 1744
118 298
964 438
1321 966
1096 1564
1073 1452
1581 1542
1520 659
674 1320
102 1201
395 82
1535 902
213 382
1044 1643
432 1452
1261 1745
823 1145
28 1109
1204 1063
940 1281
712 1160
1572 1148
1397 281
1605 462
1772 681
926 1277
1499 173
550 1205
867 1796
1244 1118
501 1657
289 1290
991 570
1336 460
1171 761
1257 632
1513 1616
864 243
1338 746
914 865
721 908
546 868
692 340
626 1499
1556 1613
594 172
1566 19
1219 862
1509 557
47 33
1400 133
1559 753
1717 1379
658 1253
1056 1789
1416 86
116 541
1493 1384
1140 1728
1704 608
1069 936
683 1162
344 958
59 1395
1556 1235
977 441
213 117
1521 1430
515 927
1521 800
1706 595
1448 824
1163 817
323 328
150 524
52 1618
1623 973
1155 243
1517 92
1721 791
136 1634
1718 1271
563 379
1393 1466
740 1015
1163 910
1383 292
1522 98
880 702
407 389
1183 723
1647 985
286 107
1449 1745
134 175
1690 1047
523 852
1727 321
804 288
352 624
317 534
761 144
241 630
1529 459
1721 884
382 269
994 1735
429 980
1317 839
826 1288
552 622
1609 605
751 900
677 108
1544 662
1796 1099
673 1513
1521 402
138 598
1327 1692
1249 1690
597 200
920 1507
1415 1530
923 1767
526 1476
712 203
826 1112
1594 592
1098 559
1525 1183
1328 1681
82 1520
1474 1774
1557 921
1638 259
